date,actual_deaths,total_deaths,predicted_deaths_mean,predicted_deaths_lower,predicted_deaths_upper,predicted_total_deaths_mean,predicted_total_deaths_lower,predicted_total_deaths_upper,predicted_new_infected_mean,predicted_new_infected_lower,predicted_new_infected_upper,predicted_current_infected_mean,predicted_current_infected_lower,predicted_current_infected_upper,predicted_total_infected_mean,predicted_total_infected_lower,predicted_total_infected_upper,r_values_mean,r_values_lower,r_values_upper
2020-02-05,0,0,,,,,,,126,63,178,126,63,178,126,63,178,2.27522016119,2.1,2.4
2020-02-06,0,0,,,,,,,126,63,178,251,127,356,252,126,356,2.27521051036,2.09999213573,2.39999976065
2020-02-07,0,0,,,,,,,126,63,178,377,191,534,378,189,534,2.27520727991,2.09998936795,2.39999963585
2020-02-08,0,0,,,,,,,126,63,178,502,255,712,504,252,712,2.27520295464,2.09998568086,2.39999943741
2020-02-09,0,0,,,,,,,290,162,406,792,433,1103,794,414,1118,2.2751971581,2.09998071513,2.39999914015
2020-02-10,0,0,,,,,,,290,162,406,1082,601,1504,1084,576,1524,2.27518938219,2.09997402734,2.39999867224
2020-02-11,0,0,,,,,,,290,162,406,1372,767,1907,1374,738,1930,2.27517894028,2.09996502031,2.39999797083
2020-02-12,0,0,,,,,,,290,162,406,1662,931,2310,1664,900,2336,2.27516490317,2.09995285283,2.39999689991
2020-02-13,0,0,,,,,,,469,280,651,2131,1230,2941,2133,1180,2987,2.27514601165,2.0999371013,2.39999520492
2020-02-14,0,0,,,,,,,677,412,937,2808,1647,3873,2810,1592,3924,2.27509359835,2.09988480105,2.39997212325
2020-02-15,0,0,,,,,,,1160,715,1534,3968,2414,5377,3970,2307,5458,2.2750558879,2.09985190708,2.39996671858
2020-02-16,0,0,,,,,,,2175,1325,2788,6143,3854,8110,6145,3632,8246,2.27499847316,2.09980016416,2.39995320546
2020-02-17,0,0,,,,,,,3591,2332,4546,9734,6315,12569,9736,5964,12792,2.27492473613,2.09973485831,2.39993684259
2020-02-18,0,0,,,,,,,4010,2646,5083,13744,9002,17625,13746,8610,17875,2.27482791668,2.09965029143,2.39991526535
2020-02-19,0,0,,,,,,,4681,3144,5917,18424,12203,23506,18427,11754,23792,2.27469909163,2.09953909617,2.39988535735
2020-02-20,0,0,,,,,,,4821,3248,6108,23120,15398,29430,23248,15002,29900,2.274525388,2.0993905959,2.39984267363
2020-02-21,0,0,,,,,,,5353,3665,6769,28348,19024,36003,28601,18667,36669,2.27428963024,2.09919097747,2.39978105963
2020-02-22,0,0,,,,,,,6432,4475,8143,34654,23482,43929,35033,23142,44812,2.27397195029,2.09893293509,2.39969382441
2020-02-23,0,0,,,,,,,7733,5468,9758,42262,28977,53440,42766,28610,54570,2.27354378215,2.09859228062,2.39957170006
2020-02-24,0,0,,,,,,,9830,6932,12455,51802,35825,65430,52596,35542,67025,2.27296427439,2.09812913844,2.39940238711
2020-02-25,0,0,,,,,,,14980,10180,19080,66491,46005,83990,67576,45722,86105,2.27217716176,2.09751144844,2.399147533
2020-02-26,0,0,,,,,,,18212,12568,23192,84413,58454,106741,85788,58290,109297,2.27110479982,2.09668643922,2.39878271177
2020-02-27,0,0,,,,,,,19834,13621,25401,103958,71925,131722,105622,71911,134698,2.26964168037,2.09560282819,2.39824894653
2020-02-28,0,0,,,,,,,23938,16300,30956,127427,87943,162014,129560,88211,165654,2.26764227483,2.09422373576,2.39746513813
2020-02-29,1,1,,,,,,,29081,19331,38160,155830,106865,199190,158641,107542,203814,2.26490529473,2.09241009266,2.39630947337
2020-03-01,0,1,,,,,,,37535,24483,49710,192205,130686,247259,196176,132025,253524,2.2611534931,2.09010886976,2.39476046498
2020-03-02,5,6,,,,,,,46531,30120,62107,236561,159566,306447,242707,162145,315631,2.25600690939,2.08675208501,2.39260150098
2020-03-03,1,7,,,,,,,57521,37085,77341,290492,194398,379122,300228,199230,392972,2.24894861625,2.08195102218,2.38954132502
2020-03-04,4,11,,,,,,,70149,44822,95234,356631,236657,469133,370377,244052,488206,2.23928158606,2.07593211435,2.38478992291
2020-03-05,1,12,,,,,,,87080,55295,118459,439030,288890,581539,457457,299347,606665,2.22607919976,2.0677147287,2.37745818954
2020-03-06,2,14,,,,,,,105792,66433,145418,540002,352159,720675,563249,365780,752083,2.20813701767,2.05398593386,2.36718534522
2020-03-07,3,17,,,,,,,126817,79848,174924,661466,428399,888681,690066,445628,927007,2.18394194295,2.03343225206,2.35125270361
2020-03-08,4,21,,,,,,,149771,95430,206243,804805,519310,1086663,839837,541058,1133250,2.15168973199,2.00293542333,2.3284211032
2020-03-09,1,22,,,,,,,174215,113758,238789,971286,627457,1315637,1014052,654816,1372039,2.10939893124,1.94738970151,2.29457033828
2020-03-10,6,28,,,,,,,199730,133822,273439,1161187,754125,1576600,1213782,788638,1645478,2.05517779081,1.87479634934,2.26440541836
2020-03-11,5,33,,,,,,,223417,149889,300613,1369624,893820,1858055,1437199,938527,1946091,1.98767244752,1.78697493972,2.23188719125
2020-03-12,10,43,,,,,,,244272,164622,321677,1595684,1045775,2156583,1681471,1103149,2267768,1.90663092641,1.69025397348,2.19046249293
2020-03-13,9,52,,,,,,,262090,176287,346731,1837940,1208374,2477935,1943561,1279436,2614499,1.81337979251,1.59522327462,2.12589332919
2020-03-14,6,58,,,,,,,276193,185957,365578,2090195,1378010,2812542,2219754,1465393,2980077,1.71094453774,1.46571806336,2.05915298158
2020-03-15,12,70,,,,,,,287284,194813,380726,2348399,1553528,3155013,2507038,1660206,3360803,1.6036742582,1.34397081389,1.99253646273
2020-03-16,27,97,,,,,,,295261,202900,393099,2606125,1732106,3498274,2802299,1863106,3753902,1.49649309076,1.22916386981,1.91157353287
2020-03-17,35,132,,,,,,,300638,209539,401387,2860232,1911806,3837406,3102937,2072645,4155289,1.39407418978,1.13405843062,1.80686246707
2020-03-18,59,191,,,,,,,304050,215137,405163,3106760,2090262,4165040,3406987,2287782,4560452,1.30020301472,1.06112485387,1.68755954494
2020-03-19,77,268,,,,,,,305928,219845,404970,3342540,2265795,4474474,3712915,2507627,4965422,1.2174414171,1.00837416757,1.5686090071
2020-03-20,99,367,,,,,,,306731,223986,407578,3562190,2435131,4763248,4019646,2731613,5373000,1.14705983444,0.971104382335,1.4441077488
2020-03-21,95,462,,,,,,,306596,227469,406275,3762994,2596888,5023726,4326242,2959082,5779275,1.08915590698,0.944928147737,1.3360804756
2020-03-22,148,610,,,,,,,305669,230259,402753,3941845,2748046,5251112,4631911,3189341,6182028,1.04289955336,0.92557125649,1.24713839586
2020-03-23,187,797,,,,,,,304137,231954,399148,4096211,2885393,5443643,4936048,3421295,6581176,1.00685646108,0.912672835794,1.17220431068
2020-03-24,242,1039,,,,,,,302093,232896,393395,4224089,3005352,5597907,5238141,3654191,6974571,0.979322166045,0.904298915353,1.10529701265
2020-03-25,316,1355,,,,,,,299615,233308,387391,4323974,3105719,5711655,5537756,3887499,7361962,0.958594357117,0.889261288733,1.05396120125
2020-03-26,422,1777,,,,,,,296734,233310,381822,4397291,3190020,5792686,5834490,4120809,7743784,0.943144855261,0.875264743088,1.01820587315
2020-03-27,561,2338,,,,,,,293465,232654,374410,4446484,3258882,5845075,6127955,4353463,8118194,0.931696117214,0.864542304387,0.995936885026
2020-03-28,654,2992,,,,,,,289842,231666,366847,4474236,3314889,5864840,6417797,4585129,8485041,0.923230934078,0.857220710403,0.978377488236
2020-03-29,634,3626,,,,,,,285926,230200,359849,4483969,3359454,5858707,6703723,4815329,8844890,0.916966041955,0.852121117596,0.965733884819
2020-03-30,834,4460,,,,,,,281682,227456,351700,4478367,3392210,5829394,6985405,5042785,9196590,0.912311967915,0.848696025338,0.957905859653
2020-03-31,1255,5715,,,,,,,277179,224160,342921,4460285,3413279,5778930,7262584,5266945,9539511,0.908831914286,0.845684286357,0.953143914854
2020-04-01,1268,6983,,,,,,,272447,219960,335712,4432094,3423045,5713168,7535031,5486905,9875223,0.906205550678,0.844014353813,0.949390892185
2020-04-02,1613,8596,,,,,,,267524,215518,329299,4395568,3422416,5637431,7802555,5702423,10204522,0.904199535332,0.842400227519,0.946908638047
2020-04-03,1337,9933,,,,,,,262446,211317,322385,4352086,3412741,5555005,8065001,5913740,10526907,0.902644599258,0.841145078872,0.944991844182
2020-04-04,1327,11260,,,,,,,257245,206560,316476,4302600,3394112,5464394,8322246,6120300,10843383,0.901418239832,0.840001854834,0.943591135739
2020-04-05,1502,12762,,,,,,,251960,201875,310620,4247964,3367348,5369389,8574206,6322175,11154003,0.900431892,0.839314693241,0.94256581732
2020-04-06,1739,14501,,,,,,,246628,197099,304108,4188923,3333094,5271355,8820834,6519274,11458111,0.899621532798,0.83840070302,0.941532426256
2020-04-07,2379,16880,,,,,,,241283,192217,298193,4126069,3292497,5171148,9062117,6711491,11756304,0.898940853314,0.837673403533,0.940580543744
2020-04-08,2182,19062,,,,,,,235959,187563,292530,4059935,3246468,5070964,9298076,6899054,12048834,0.898356320224,0.83720150121,0.939926148983
2020-04-09,2151,21213,,,,,,,230682,182876,286248,3991003,3195565,4970467,9528758,7081930,12335082,0.897843614083,0.836680473819,0.939455329932
2020-04-10,2146,23359,,,,,,,225474,178164,279783,3919743,3140138,4869049,9754232,7260094,12614865,0.897385064431,0.836221942638,0.939065175777
2020-04-11,2124,25483,,,,,,,220352,173750,273567,3846629,3081102,4768693,9974584,7433844,12888432,0.896962248617,0.835826649236,0.938691418452
2020-04-12,1853,27336,,,,,,,215327,169316,267661,3772115,3018698,4669834,10189911,7603160,13156093,0.896573069327,0.835514579905,0.938265361693
2020-04-13,1906,29242,,,,,,,210409,165164,262217,3696598,2953636,4572392,10400320,7768324,13418310,0.896210506786,0.835004223601,0.937937293262
2020-04-14,2457,31699,,,,,,,205602,160983,257032,3620518,2887113,4477788,10605922,7929307,13675342,0.895870279672,0.834683830941,0.937591467417
2020-04-15,2609,34308,,,,,,,200908,156656,251765,3544247,2819545,4386616,10806830,8085963,13927107,0.895553974979,0.834394765907,0.93726169653
2020-04-16,2175,36483,,,,,,,196326,152497,246690,3468126,2752036,4297562,11003156,8238460,14173797,0.895247483639,0.834101277472,0.936963109319
2020-04-17,2666,39149,,,,,,,191855,148499,241835,3392457,2684998,4210069,11195011,8386959,14415632,0.89495619859,0.833842833703,0.936681238883
2020-04-18,2445,41594,,,,,,,187495,144743,237270,3317506,2618413,4124941,11382506,8531702,14652902,0.894678302908,0.833632403268,0.936403472292
2020-04-19,1276,42870,,,,,,,183240,140958,232772,3243501,2552826,4041228,11565746,8672660,14885674,0.894412896004,0.833415063526,0.936118243745
2020-04-20,1834,44704,,,,,,,179090,137175,228180,3170631,2488146,3958783,11744836,8809835,15113854,0.894160361425,0.833238190082,0.935820341069
2020-04-21,2504,47208,,,,,,,175041,133416,223803,3099044,2424481,3878522,11919877,8943251,15337657,0.893919154722,0.833102757026,0.935559405418
2020-04-22,2431,49639,,,,,,,171089,129891,219641,3028850,2362166,3800027,12090966,9073142,15557298,0.893692970234,0.832966022112,0.935301298304
2020-04-23,2466,52105,,,,,,,167235,126563,215563,2960126,2301167,3723103,12258201,9199705,15772861,0.893484095941,0.83284223459,0.935069274119
2020-04-24,2154,54259,,,,,,,163477,123052,211587,2892920,2241336,3648497,12421678,9322757,15984448,0.893295563276,0.832816249982,0.934833464288
2020-04-25,1697,55956,,,,,,,159815,119761,207758,2827261,2182931,3576550,12581493,9442518,16192206,0.893132674424,0.832715934912,0.934573040135
2020-04-26,1330,57286,,,,,,,156245,116543,204007,2763154,2125716,3507088,12737738,9559061,16396213,0.893002021781,0.832609490845,0.934322650975
2020-04-27,1467,58753,,,,,,,152768,113404,200449,2700595,2069785,3439960,12890506,9672465,16596662,0.892913325482,0.832698078628,0.93410316484
2020-04-28,2241,60994,,,,,,,149383,110311,197000,2639569,2014908,3374819,13039889,9782776,16793662,0.892879526032,0.832721187198,0.934139484118
2020-04-29,2521,63515,,,,,,,146091,107249,193585,2580058,1961147,3311444,13185980,9890025,16987247,0.892918112051,0.832708887298,0.933996557957
2020-04-30,2324,65839,,,,,,,142892,104324,190277,2522043,1908792,3250026,13328872,9994349,17177524,0.893052573612,0.832699259694,0.933917672407
2020-05-01,1891,67730,,,,,,,139787,101417,187026,2465504,1857699,3190412,13468659,10095766,17364550,0.893314107564,0.832699143605,0.933898557651
2020-05-02,1692,69422,,,,,,,136778,98679,183970,2410427,1807868,3132587,13605437,10194445,17548520,0.89374363693,0.832920470278,0.934060283255
2020-05-03,1121,70543,,,,,,,133868,95996,180928,2356801,1759114,3076276,13739305,10290441,17729448,0.89439390609,0.832965098949,0.934239742781
2020-05-04,1333,71876,,,,,,,131060,93443,177994,2304620,1711592,3021516,13870365,10383884,17907442,0.895331240644,0.833202024304,0.934700630474
2020-05-05,2318,74194,,,,,,,128359,91004,175177,2253889,1665415,2968523,13998724,10474888,18082619,0.89663620341,0.833559156676,0.936014700234
2020-05-06,2363,76557,,,,,,,125770,88611,172497,2204618,1620604,2917223,14124494,10563499,18255116,0.898401993271,0.834084180638,0.941371286222
2020-05-07,1936,78493,,,,,,,123297,86368,169892,2156826,1577076,2867474,14247791,10649867,18425008,0.900729269746,0.834700103152,0.947347478852
2020-05-08,1747,80240,,,,,,,120951,84210,167346,2110542,1534715,2819253,14368742,10734077,18592354,0.903716692198,0.836097084933,0.966630279846
2020-05-09,1488,81728,,,,,,,118738,82248,165042,2065803,1493906,2772705,14487480,10816325,18757396,0.907448452282,0.837627714163,0.987339729808
2020-05-10,894,82622,,,,,,,116671,80374,162903,2022659,1454516,2727847,14604151,10896699,18920299,0.911983209914,0.839942525631,1.0092503754
2020-05-11,1015,83637,,,,,,,114759,78658,160768,1981173,1416626,2684602,14718910,10975357,19081067,0.917350734251,0.843109095194,1.02932961182
2020-05-12,1626,85263,,,,,,,113018,77030,158894,1941423,1380248,2643040,14831928,11052387,19239961,0.923559427567,0.847922373892,1.06231263498
2020-05-13,1763,87026,,,,,,,111461,75648,157361,1903501,1345582,2603392,14943389,11128035,19397322,0.930609597333,0.854843388677,1.09204479407
2020-05-14,1783,88809,,,,,,,110102,74388,156077,1867512,1312721,2565875,15053491,11202423,19553399,0.938501389444,0.864591078957,1.11786506067
2020-05-15,1681,90490,,,,,,,108958,73291,154962,1833578,1281689,2530550,15162449,11275714,19708361,0.947231129776,0.875898716627,1.14032864244
2020-05-16,1216,91706,,,,,,,108043,72420,154128,1801834,1252698,2497639,15270492,11348134,19862489,0.956781665538,0.877355552235,1.15961706712
2020-05-17,758,92464,,,,,,,107373,71760,153492,1772428,1225790,2467150,15377865,11419894,20015981,0.967116535519,0.877584578883,1.17471800443
2020-05-18,776,93240,,,,,,,106961,71249,153192,1745521,1201062,2439401,15484826,11491143,20169173,0.978178156442,0.878291553129,1.18549834621
2020-05-19,1555,94795,,,,,,,106820,70816,153215,1721281,1178458,2414600,15591646,11561959,20322388,0.989880045953,0.878864665321,1.20058994625
2020-05-20,1579,96374,,,,,,,106966,70722,153636,1699888,1158203,2393029,15698612,11632681,20476024,1.00209032981,0.879348549848,1.21019783637
2020-05-21,1234,97608,,,,,,,107408,70866,154175,1681527,1140488,2374673,15806020,11703547,20630199,1.01462304277,0.880407943218,1.21694893056
2020-05-22,1273,98881,,,,,,,108158,71329,155179,1666387,1125489,2359926,15914178,11774876,20785378,1.02725889539,0.881033706162,1.23102612382
2020-05-23,1130,100011,,,,,,,109229,72011,156490,1654666,1113335,2349032,16023407,11846887,20941868,1.03979448877,0.881927336658,1.2423088448
2020-05-24,614,100625,,,,,,,110631,72975,158203,1646559,1104111,2342155,16134038,11919862,21100071,1.05209051286,0.883585564092,1.25017505079
2020-05-25,523,101148,,,,,,,112374,74271,160514,1642262,1098061,2339725,16246412,11994133,21260585,1.06408863774,0.886052256389,1.25568883738
2020-05-26,695,101843,,,,,,,114477,75839,163072,1641980,1095292,2341989,16360889,12069972,21423657,1.0757940253,0.890250276641,1.26142954334
2020-05-27,1518,103361,,,,,,,116951,77745,165973,1645913,1096053,2349030,16477840,12147717,21589630,1.08724314553,0.895243778214,1.27545266987
2020-05-28,1192,104553,,,,,,,119802,79984,169283,1654254,1100425,2360911,16597642,12227701,21758913,1.09846911486,0.901366848783,1.28760732413
2020-05-29,1171,105724,,,,,,,123042,82479,173170,1667193,1108552,2377964,16720684,12310180,21932083,1.10947412207,0.9098983977,1.29639982383
2020-05-30,979,106703,,,,,,,126687,85415,177479,1684922,1120706,2400441,16847371,12395595,22109562,1.1202249951,0.920967542859,1.30261902828
2020-05-31,591,107294,,,,,,,130756,88699,182298,1707635,1137013,2428575,16978127,12484294,22291860,1.13060223306,0.932400428532,1.30677663403
2020-06-01,777,108071,,,,,,,135266,92319,187668,1735528,1157596,2462716,17113393,12576613,22479528,1.14045778105,0.936887505846,1.30953837636
2020-06-02,1043,109114,,,,,,,140232,96242,193524,1768799,1182614,2503016,17253625,12672855,22673052,1.14961254561,0.941783704821,1.31132782854
2020-06-03,1011,110125,,,,,,,145674,100658,200011,1807653,1212475,2549779,17399299,12773513,22873063,1.15792355641,0.948666413473,1.31247841319
2020-06-04,1023,111148,,,,,,,151610,105486,207052,1852297,1247249,2603150,17550909,12878999,23080115,1.16531580611,0.957728522548,1.31308212148
2020-06-05,949,112097,,,,,,,158054,110693,214951,1902943,1287078,2663866,17708963,12989692,23295066,1.17175780857,0.969186390211,1.3133660497
2020-06-06,687,112784,,,,,,,165025,116334,223348,1959810,1332085,2731972,17873988,13106026,23518414,1.17727861306,0.985479568463,1.31344027008
2020-06-07,447,113231,,,,,,,172538,122555,232751,2023119,1382632,2808168,18046526,13228581,23751165,1.18187247469,1.00334810587,1.31268374763
2020-06-08,513,113744,,,,,,,180606,129293,242868,2093094,1438955,2892761,18227132,13357874,23994033,1.18556732855,1.02351536638,1.31244042064
2020-06-09,945,114689,,,,,,,189239,136425,253539,2169959,1501107,2985715,18416371,13494299,24247572,1.18838210064,1.05209279152,1.3117604154
2020-06-10,918,115607,,,,,,,198440,143806,265131,2253922,1569061,3087683,18614811,13638105,24512703,1.19032897486,1.0653794001,1.31046549834
2020-06-11,888,116495,,,,,,,208206,151600,277454,2345178,1642896,3199066,18823017,13789705,24790157,1.19144034447,1.06510481083,1.31000134404
2020-06-12,832,117327,,,,,,,218524,160199,290095,2443900,1723084,3319799,19041541,13949904,25080252,1.19170259384,1.06505202061,1.30951059203
2020-06-13,763,118090,,,,,,,229370,169127,303845,2550227,1809700,3450376,19270911,14119031,25384097,1.1911255837,1.06351398391,1.31089817516
2020-06-14,308,118398,,,,,,,240705,178157,317890,2664245,1902413,3590704,19511616,14297188,25701987,1.18971417929,1.05966890929,1.31098186256
2020-06-15,391,118789,,,,,,,252476,187561,332274,2785965,2001246,3740637,19764092,14484749,26034261,1.18749589642,1.04716591448,1.310559118
2020-06-16,843,119632,,,,,,,264611,197501,347320,2915310,2106411,3900288,20028703,14682250,26381581,1.1845018058,1.03896979395,1.31059821255
2020-06-17,752,120384,,,,,,,277021,207408,361470,3052098,2217570,4068270,20305724,14889658,26743051,1.18072849268,1.03028952094,1.31004469618
2020-06-18,710,121094,,,,,,,289602,217453,375365,3196026,2334356,4243698,20595326,15107111,27118416,1.17620377371,1.0226954309,1.30994196745
2020-06-19,672,121766,,,,,,,302235,228363,389797,3346652,2457230,4426544,20897561,15335474,27508213,1.17094415258,1.01744336998,1.3094059231
2020-06-20,613,122379,,,,,,,314794,238807,403813,3503391,2585327,4615508,21212355,15574281,27912026,1.16498921171,1.00515448232,1.3084835168
2020-06-21,284,122663,,,,,,,327146,249317,417075,3665512,2718282,4809330,21539501,15823598,28329101,1.15841954279,0.997960180124,1.30719084672
2020-06-22,387,123050,,,,,,,339165,260315,430190,3832139,2856012,5006856,21878666,16083913,28759291,1.15132122958,0.988105934122,1.30659007464
2020-06-23,847,123897,,,,,,,350733,270455,441717,4002266,2997162,5205788,22229399,16354368,29201008,1.14380491366,0.980965126135,1.30599147873
2020-06-24,764,124661,,,,,,,361750,280870,453934,4174776,3141606,5406245,22591149,16635238,29654942,1.13598766673,0.976094796551,1.30561101671
2020-06-25,559,125220,,,,,,,372130,291321,464929,4348466,3289127,5606068,22963279,16926559,30119871,1.12798482097,0.971503855811,1.30391499787
2020-06-26,612,125832,,,,,,,381810,300904,475160,4522070,3438453,5803774,23345089,17227463,30595031,1.11987922476,0.963918404259,1.30264612311
2020-06-27,500,126332,,,,,,,390741,309559,484918,4694287,3587823,5998563,23735830,17537022,31079949,1.11171911389,0.951666229204,1.30057007796
2020-06-28,251,126583,,,,,,,398897,316953,493045,4863815,3735688,6187701,24134727,17853975,31572994,1.1035384129,0.942186241649,1.29795004026
2020-06-29,364,126947,,,,,,,406270,324090,500471,5029380,3881688,6370224,24540997,18178065,32073465,1.09535482533,0.938140080567,1.29489402181
2020-06-30,735,127682,,,,,,,412869,329628,507738,5189773,4023813,6545643,24953866,18507693,32581203,1.08718336734,0.933627321773,1.28939684681
2020-07-01,687,128369,,,,,,,418716,334831,514612,5343879,4161191,6712911,25372582,18842524,33095815,1.07904113888,0.930397689764,1.28016747961
2020-07-02,724,129093,,,,,,,423842,339369,521334,5490700,4293190,6872801,25796424,19181893,33617149,1.07096076722,0.925513233403,1.26946238735
2020-07-03,653,129746,,,,,,,428283,342569,526474,5629381,4418291,7023932,26224707,19524462,34143623,1.06299491476,0.923026099406,1.26042702779
2020-07-04,271,130017,,,,,,,432076,344608,531942,5759222,4534463,7166105,26656783,19869070,34675565,1.05520979888,0.920493723336,1.25780932257
2020-07-05,299,130316,,,,,,,435257,346216,536770,5879685,4641791,7299101,27092040,20215286,35212335,1.04767265205,0.915239341747,1.25510267535
2020-07-06,351,130667,,,,,,,437863,347933,540568,5990402,4740316,7422618,27529903,20563219,35752903,1.04043648928,0.911231562286,1.25149529805
2020-07-07,1224,131891,,,,,,,439931,348883,544514,6091168,4828789,7536977,27969834,20912102,36297417,1.03354166426,0.908776307083,1.24640759527
2020-07-08,850,132741,,,,,,,441496,348732,548329,6181931,4906990,7643634,28411330,21260834,36845746,1.02701559629,0.906805215933,1.24117270914
2020-07-09,1012,133753,,,,,,,442593,348575,551723,6262774,4974609,7741476,28853923,21609409,37397469,1.0208712343,0.904731207481,1.22894166916
2020-07-10,830,134583,,,,,,,443255,347854,554079,6333899,5031088,7830684,29297178,21957263,37951548,1.0151073869,0.901518868249,1.21147349679
2020-07-11,691,135274,,,,,,,443514,346830,557075,6395603,5076979,7912655,29740692,22304093,38508623,1.00971383393,0.898407973105,1.19845195281
2020-07-12,451,135725,,,,,,,443397,345522,560200,6448259,5112917,7987996,30184089,22649615,39068823,1.00467913584,0.897097536176,1.18916698263
2020-07-13,389,136114,,,,,,,442933,343745,562492,6492295,5139702,8057488,30627022,22993360,39631315,0.999996163767,0.896165656983,1.17738394939
2020-07-14,928,137042,,,,,,,442146,341204,563431,6528171,5156827,8120466,31069168,23334564,40194746,0.995662648146,0.895155378382,1.15853714883
2020-07-15,968,138010,,,,,,,441060,338775,564248,6556362,5165994,8176983,31510228,23673339,40758994,0.991678135935,0.894294442146,1.14413185421
2020-07-16,953,138963,,,,,,,439696,335694,565005,6577342,5166883,8227384,31949924,24009033,41323999,0.988040310719,0.893642729033,1.12990433694
2020-07-17,920,139883,,,,,,,438074,332636,565489,6591574,5160178,8271557,32387998,24341669,41889488,0.984742369825,0.89323000837,1.11374325514
2020-07-18,870,140753,,,,,,,436213,329702,565840,6599504,5147336,8310922,32824211,24671371,42455328,0.981771649765,0.892523607946,1.09177365894
2020-07-19,445,141198,,,,,,,434131,326089,565613,6601559,5128830,8344586,33258342,24997460,43020941,0.979109361043,0.891962479702,1.07478526557
2020-07-20,514,141712,,,,,,,431843,322387,565325,6598145,5105008,8373141,33690185,25319847,43586266,0.976731457646,0.89128034298,1.05782614881
2020-07-21,1109,142821,,,,,,,429363,319079,564666,6589645,5076153,8397243,34119548,25638926,44150932,0.974610509281,0.890735754641,1.04580111631
2020-07-22,1211,144032,,,,,,,426705,315132,563592,6576420,5042396,8416318,34546253,25954058,44714524,0.972718069963,0.890519745326,1.0404532834
2020-07-23,1121,145153,,,,,,,423881,310989,562206,6558804,5004641,8430180,34970134,26265047,45276730,0.971026863719,0.889387365092,1.03811182038
2020-07-24,1123,146276,,,,,,,420903,307151,560572,6537114,4963198,8438992,35391037,26572198,45837302,0.969512249252,0.888545650481,1.03487614998
2020-07-25,901,147177,,,,,,,417782,303610,559051,6511641,4918934,8443933,35808819,26875808,46396353,0.968152747168,0.887865833968,1.03416088888
2020-07-26,477,147654,,,,,,,414530,299373,556878,6482657,4871452,8443715,36223349,27175181,46953231,0.966929759278,0.887200263439,1.03267861004
2020-07-27,1125,148779,,,,,,,411157,295291,555149,6450416,4821191,8438664,36634506,27470472,47508380,0.965826851772,0.88661218642,1.03154178958
2020-07-28,1368,150147,,,,,,,407673,290949,552703,6415156,4768363,8428871,37042179,27761421,48061083,0.96482902361,0.88607523959,1.02856316125
2020-07-29,1436,151583,,,,,,,404087,286557,550220,6377096,4713681,8415635,37446266,28047978,48611303,0.963922244065,0.885091097741,1.02742707648
2020-07-30,1216,152799,,,,,,,400409,282122,547647,6336445,4656997,8399018,37846675,28330100,49158950,0.963093327969,0.884466545516,1.02585837456
2020-07-31,1246,154045,,,,,,,396648,277611,544813,6293397,4598889,8378835,38243323,28607711,49703763,0.962330051746,0.884124918232,1.0251263123
2020-08-01,1111,155156,,,,,,,392811,273265,541983,6248134,4539494,8355352,38636134,28880976,50245746,0.961621356588,0.883771267205,1.02445302697
2020-08-02,406,155562,,,,,,,388908,268597,539076,6200828,4478370,8328642,39025042,29149573,50784822,0.960957515685,0.883305991654,1.0238963108
2020-08-03,539,156101,,,,,,,384946,264202,536252,6151643,4416466,8299342,39409988,29413775,51321074,0.960330205646,0.882922347772,1.02327920369
2020-08-04,1378,157479,,,,,,,380932,259734,533410,6100732,4353803,8267508,39790920,29673509,51854484,0.959732476509,0.882645229179,1.02266608898
2020-08-05,1372,158851,,,,,,,376875,255298,530187,6048245,4290019,8233096,40167795,29928807,52384671,0.959158644475,0.882330430624,1.02205936467
2020-08-06,1250,160101,,,,,,,372782,251122,526659,5994322,4226008,8196220,40540577,30179929,52911330,0.958604139876,0.88204909255,1.02130864391
2020-08-07,1243,161344,,,,,,,368658,246771,522818,5939099,4161789,8156889,40909235,30426700,53434148,0.958065338851,0.881746247771,1.02055618799
2020-08-08,1076,162420,,,,,,,364511,242476,518657,5882707,4097116,8115013,41273746,30669176,53952805,0.95753939869,0.881387147632,1.01980122933
2020-08-09,515,162935,,,,,,,360346,238221,514495,5825271,4031723,8070494,41634092,30907397,54467300,0.95702410847,0.881145470242,1.01904359182
2020-08-10,525,163460,,,,,,,356169,233983,510635,5766910,3966330,8024287,41990261,31141380,54977935,0.95651776014,0.880910050164,1.01828317737
2020-08-11,1064,164524,,,,,,,351985,229827,506464,5707739,3900859,7975628,42342246,31371207,55484399,0.956019041067,0.880680662883,1.01714938231
2020-08-12,1507,166031,,,,,,,347798,225929,502144,5647864,3835828,7925082,42690044,31597136,55986543,0.955526946667,0.880457111623,1.01665478527
2020-08-13,1076,167107,,,,,,,343614,222049,498111,5587391,3771312,7872975,43033658,31819185,56484654,0.955040710641,0.880239220281,1.01615844509
2020-08-14,1342,168449,,,,,,,339434,218151,494037,5526416,3707330,7819361,43373092,32037336,56978691,0.954559750013,0.880026828312,1.01566037819
2020-08-15,1029,169478,,,,,,,335264,214157,489772,5465032,3643868,7764314,43708356,32251493,57468463,0.954083622246,0.879819787041,1.0152497584
2020-08-16,571,170049,,,,,,,331105,210011,485090,5403326,3580609,7707417,44039461,32461504,57953553,0.953611992048,0.87961795699,1.01477219661
2020-08-17,445,170494,,,,,,,326961,205996,480584,5341380,3518007,7648922,44366422,32667500,58434137,0.953144605801,0.879421205942,1.01429307871
2020-08-18,,,1009,745,1342,171503,171239,171836,322834,202136,476160,5279269,3455940,7588823,44689256,32869636,58910297,,,
2020-08-19,,,1004,737,1342,172506,171976,173177,318727,198321,471725,5217063,3394525,7527129,45007983,33067957,59382022,,,
2020-08-20,,,998,728,1341,173504,172705,174517,314640,194676,467399,5154828,3333900,7464337,45322623,33262633,59849421,,,
2020-08-21,,,992,719,1338,174496,173424,175855,310577,191003,463367,5092623,3273780,7401049,45633200,33453636,60312788,,,
2020-08-22,,,985,711,1335,175481,174135,177190,306538,187560,458722,5030503,3214569,7336958,45939738,33641196,60771510,,,
2020-08-23,,,978,702,1332,176459,174838,178521,302525,184046,454402,4968517,3156140,7272707,46242263,33825242,61225912,,,
2020-08-24,,,971,693,1330,177430,175531,179850,298845,180685,450340,4907016,3098603,7208550,46541108,34005927,61676252,,,
2020-08-25,,,964,683,1325,178394,176215,181175,295187,177396,446238,4846033,3042016,7144154,46836295,34183323,62122490,,,
2020-08-26,,,956,674,1320,179350,176889,182494,291566,174281,442362,4785614,2986473,7080054,47127861,34357604,62564852,,,
2020-08-27,,,948,664,1314,180297,177553,183808,287998,171202,438235,4725814,2931747,7016145,47415859,34528806,63003087,,,
2020-08-28,,,939,653,1309,181237,178207,185116,284513,168146,434377,4666713,2877844,6952413,47700372,34696952,63437464,,,
2020-08-29,,,931,643,1303,182167,178851,186418,281144,165220,431047,4608423,2824912,6889428,47981516,34862172,63868511,,,
2020-08-30,,,922,633,1296,183089,179485,187714,277866,162594,427506,4551025,2773348,6827170,48259382,35024766,64296017,,,
2020-08-31,,,913,623,1289,184003,180108,189002,274662,159891,424243,4494582,2723228,6766333,48534044,35184657,64720260,,,
2020-09-01,,,904,613,1283,184907,180722,190284,271532,157212,420798,4439153,2674446,6706560,48805576,35341869,65141058,,,
2020-09-02,,,895,603,1276,185801,181325,191559,268478,154308,417721,4384797,2626621,6648133,49074054,35496177,65558779,,,
2020-09-03,,,885,593,1268,186687,181919,192826,265511,151632,414819,4331581,2579934,6591238,49339565,35647809,65973598,,,
2020-09-04,,,876,583,1259,187563,182502,194084,262631,149069,412095,4279572,2534327,6535950,49602196,35796878,66385693,,,
2020-09-05,,,866,573,1249,188429,183076,195332,259835,146911,410219,4228830,2490234,6482824,49862031,35943789,66795912,,,
2020-09-06,,,857,563,1240,189286,183640,196571,257119,144538,407859,4179412,2447214,6431979,50119150,36088327,67203771,,,
2020-09-07,,,847,553,1231,190133,184194,197801,254485,142176,405574,4131372,2405344,6383162,50373635,36230503,67609345,,,
2020-09-08,,,837,544,1222,190971,184738,199022,251934,139907,403379,4084461,2364568,6336213,50625569,36370410,68012724,,,
2020-09-09,,,828,534,1212,191799,185273,200233,249469,137623,401265,4038744,2324799,6291255,50875038,36508033,68413989,,,
2020-09-10,,,818,525,1201,192617,185799,201433,247089,135701,399232,3994267,2286225,6248137,51122127,36643734,68813221,,,
2020-09-11,,,808,516,1192,193425,186315,202624,244795,133590,397524,3951065,2248619,6207433,51366922,36777324,69210745,,,
2020-09-12,,,798,507,1182,194223,186823,203805,242587,131456,395668,3909138,2211935,6168724,51609509,36908780,69606413,,,
2020-09-13,,,789,498,1172,195012,187322,204976,240465,129454,395028,3868459,2176172,6132706,51849974,37038234,70001441,,,
2020-09-14,,,779,489,1161,195791,187811,206136,238431,127433,395407,3829024,2141012,6100608,52088405,37165667,70396848,,,
2020-09-15,,,770,480,1150,196561,188291,207285,236486,125464,395127,3790848,2106585,6071496,52324891,37291131,70791975,,,
2020-09-16,,,760,471,1141,197321,188763,208424,234631,123644,394589,3753947,2073021,6045288,52559522,37414775,71186564,,,
2020-09-17,,,751,462,1131,198072,189226,209554,232864,121726,393581,3718333,2040443,6021148,52792386,37536501,71580145,,,
2020-09-18,,,741,454,1121,198813,189680,210674,231184,119836,393610,3684006,2008652,5999936,53023570,37656337,71973755,,,
2020-09-19,,,732,446,1111,199545,190127,211783,229589,118010,394791,3650964,1977597,5982626,53253159,37774347,72368546,,,
2020-09-20,,,723,438,1101,200269,190565,212883,228077,116329,396629,3619206,1947018,5969031,53481236,37890676,72765175,,,
2020-09-21,,,714,430,1090,200983,190996,213971,226649,114422,397755,3588735,1916907,5958925,53707885,38005098,73162930,,,
2020-09-22,,,706,422,1081,201689,191419,215051,225301,112623,398554,3559551,1887355,5951901,53933186,38117721,73561484,,,
2020-09-23,,,697,415,1071,202386,191835,216120,224031,111034,399513,3531648,1858484,5948036,54157217,38228755,73960997,,,
2020-09-24,,,689,407,1061,203075,192243,217179,222836,109380,400899,3505015,1830245,5947671,54380053,38338135,74361896,,,
2020-09-25,,,681,400,1053,203756,192644,218230,221716,107663,402619,3479642,1802210,5951059,54601769,38445798,74764515,,,
2020-09-26,,,673,394,1045,204429,193038,219274,220672,105928,404588,3455518,1774553,5958124,54822441,38551726,75169103,,,
2020-09-27,,,665,387,1037,205093,193426,220309,219700,104266,406909,3432632,1747362,5969361,55042141,38655992,75576012,,,
2020-09-28,,,657,381,1028,205751,193807,221336,218797,102848,409139,3410964,1720752,5983460,55260938,38758840,75985151,,,
2020-09-29,,,650,374,1019,206401,194182,222353,217963,101339,411784,3390496,1694654,5999827,55478901,38860179,76396935,,,
2020-09-30,,,643,368,1011,207043,194551,223362,217193,99915,414237,3371203,1669098,6018925,55696094,38960094,76811172,,,
2020-10-01,,,636,361,1005,207679,194913,224366,216489,98373,417863,3353061,1643821,6042194,55912583,39058467,77229035,,,
2020-10-02,,,629,355,1000,208307,195269,225364,215849,97047,420863,3336046,1619139,6069473,56128432,39155514,77649898,,,
2020-10-03,,,622,350,994,208929,195619,226356,215272,95486,424043,3320134,1594787,6099903,56343704,39251000,78073941,,,
2020-10-04,,,616,344,988,209545,195964,227342,214757,94046,427634,3305302,1570822,6132736,56558461,39345046,78501575,,,
2020-10-05,,,609,339,983,210154,196304,228323,214298,92569,431134,3291522,1547063,6167233,56772759,39437615,78932709,,,
2020-10-06,,,603,333,977,210758,196638,229299,213896,91131,434663,3278770,1523772,6204136,56986655,39528746,79367372,,,
2020-10-07,,,597,328,972,211355,196967,230268,213551,89796,437747,3267020,1500946,6243322,57200206,39618542,79805119,,,
2020-10-08,,,592,323,968,211947,197291,231234,213261,88609,440867,3256250,1478521,6284670,57413467,39707151,80245986,,,
2020-10-09,,,586,318,963,212533,197610,232195,213023,87328,443856,3246438,1456471,6327612,57626490,39794479,80689842,,,
2020-10-10,,,581,313,960,213114,197924,233153,212836,86029,448203,3237557,1434838,6373177,57839326,39880508,81138045,,,
2020-10-11,,,576,308,960,213690,198233,234111,212698,84861,451698,3229583,1413772,6420262,58052024,39965369,81589743,,,
2020-10-12,,,571,304,959,214261,198537,235068,212606,83841,455129,3222489,1393347,6468452,58264630,40049210,82044872,,,
2020-10-13,,,567,299,958,214828,198837,236024,212560,82696,458891,3216252,1373193,6518168,58477190,40131906,82503763,,,
2020-10-14,,,562,295,956,215390,199133,236977,212558,81614,463030,3210847,1353464,6569376,58689748,40213520,82966793,,,
2020-10-15,,,558,290,954,215948,199424,237929,212599,80565,467056,3206253,1334112,6622161,58902347,40294085,83433849,,,
2020-10-16,,,554,286,956,216502,199711,238882,212682,79451,470978,3202446,1315188,6675245,59115029,40373536,83904827,,,
2020-10-17,,,550,281,959,217052,199993,239839,212803,78355,474754,3199400,1296498,6729112,59327832,40451891,84379581,,,
2020-10-18,,,547,277,962,217599,200271,240798,212961,77265,478694,3197089,1278277,6783742,59540793,40529156,84858275,,,
2020-10-19,,,543,273,963,218142,200545,241758,213154,76289,482773,3195487,1260518,6838862,59753947,40605445,85341048,,,
2020-10-20,,,540,268,964,218682,200814,242720,213380,75484,486852,3194569,1243434,6894564,59967327,40680929,85827900,,,
2020-10-21,,,537,265,967,219219,201080,243684,213638,74453,490840,3194310,1226757,6950734,60180965,40755382,86318740,,,
2020-10-22,,,534,261,970,219753,201342,244651,213925,73518,494820,3194684,1210480,7007799,60394890,40828900,86813560,,,
2020-10-23,,,531,257,973,220284,201600,245621,214241,72626,498555,3195664,1194496,7065479,60609131,40901526,87312115,,,
2020-10-24,,,529,253,978,220812,201854,246596,214582,71872,502756,3197223,1179039,7124371,60823713,40973398,87814871,,,
2020-10-25,,,526,248,982,221339,202103,247574,214948,71097,506993,3199335,1164108,7183148,61038661,41044495,88321864,,,
2020-10-26,,,524,245,987,221863,202350,248558,215336,70313,510951,3201973,1149559,7242381,61253997,41114808,88832815,,,
2020-10-27,,,522,242,994,222385,202593,249548,215746,69517,514316,3205112,1135235,7301533,61469743,41184325,89347131,,,
2020-10-28,,,520,238,999,222905,202832,250543,216175,68795,517926,3208728,1121336,7360524,61685918,41253120,89865057,,,
2020-10-29,,,519,235,1006,223424,203068,251545,216621,68089,521821,3212791,1107811,7419277,61902539,41321209,90386878,,,
2020-10-30,,,517,231,1013,223941,203301,252554,217083,67429,524911,3217274,1094676,7477115,62119622,41388638,90911789,,,
2020-10-31,,,516,228,1021,224457,203530,253571,217558,66724,528601,3222150,1081949,7534731,62337180,41455362,91440390,,,
2020-11-01,,,514,225,1029,224971,203756,254595,218045,66082,532190,3227391,1069678,7592168,62555225,41521444,91972580,,,
