date,actual_deaths,total_deaths,predicted_deaths_mean,predicted_deaths_lower,predicted_deaths_upper,predicted_total_deaths_mean,predicted_total_deaths_lower,predicted_total_deaths_upper,predicted_new_infected_mean,predicted_new_infected_lower,predicted_new_infected_upper,predicted_current_infected_mean,predicted_current_infected_lower,predicted_current_infected_upper,predicted_total_infected_mean,predicted_total_infected_lower,predicted_total_infected_upper,r_values_mean,r_values_lower,r_values_upper
2020-02-05,0,0,,,,,,,125,64,177,125,64,177,125,64,177,2.2513656526,2.1,2.4
2020-02-06,0,0,,,,,,,125,64,177,250,128,354,250,128,354,2.25135605983,2.09998939718,2.3999996371
2020-02-07,0,0,,,,,,,125,64,177,375,191,531,375,192,531,2.25135281464,2.09998584997,2.39999944772
2020-02-08,0,0,,,,,,,125,64,177,500,256,708,500,256,708,2.25134845887,2.09998112325,2.39999917072
2020-02-09,0,0,,,,,,,290,162,405,790,433,1099,790,418,1113,2.2513426074,2.09997480599,2.39999875078
2020-02-10,0,0,,,,,,,290,162,405,1079,601,1499,1080,580,1518,2.2513347395,2.09996648196,2.3999981159
2020-02-11,0,0,,,,,,,290,162,405,1369,766,1901,1370,742,1923,2.25132415031,2.09995556303,2.39999714496
2020-02-12,0,0,,,,,,,290,162,405,1658,930,2304,1660,904,2328,2.25130988457,2.09994070813,2.39999567308
2020-02-13,0,0,,,,,,,466,279,650,2124,1228,2932,2126,1183,2978,2.25129064599,2.09992037174,2.39999344153
2020-02-14,0,0,,,,,,,674,410,940,2798,1643,3866,2800,1593,3918,2.25123567076,2.09986014947,2.39996432409
2020-02-15,0,0,,,,,,,1205,749,1631,4003,2446,5457,4005,2342,5549,2.25119694297,2.09981882431,2.39995656454
2020-02-16,0,0,,,,,,,2402,1469,3102,6405,4044,8496,6407,3811,8651,2.25113767056,2.09975711779,2.39993815264
2020-02-17,0,0,,,,,,,3859,2493,4915,10264,6668,13318,10266,6304,13566,2.25106159034,2.0996789608,2.39991587745
2020-02-18,0,0,,,,,,,4277,2808,5450,14541,9517,18739,14543,9112,19016,2.25096170005,2.09957786994,2.39988576864
2020-02-19,0,0,,,,,,,5042,3376,6404,19583,12956,25100,19585,12488,25420,2.25082876212,2.09944603387,2.39984395225
2020-02-20,0,0,,,,,,,5181,3482,6593,24639,16386,31508,24766,15970,32013,2.25064944175,2.09927004136,2.39978327738
2020-02-21,0,0,,,,,,,5712,3899,7250,30226,20246,38562,30478,19869,39263,2.25040596507,2.09903563667,2.39969359382
2020-02-22,0,0,,,,,,,6786,4708,8614,36886,24937,46961,37264,24577,47877,2.2500778616,2.09872577454,2.39956348559
2020-02-23,0,0,,,,,,,8125,5728,10283,44886,30695,56991,45389,30305,58160,2.24963570918,2.09831676067,2.39937409901
2020-02-24,0,0,,,,,,,10311,7259,13119,54908,37871,69646,55700,37564,71279,2.24903745465,2.0977758117,2.39910224874
2020-02-25,0,0,,,,,,,16173,10848,20538,70791,48732,89663,71873,48412,91817,2.24822527564,2.09705934964,2.39873682112
2020-02-26,0,0,,,,,,,19468,13316,24768,89970,61930,113992,91341,61728,116585,2.24711953402,2.09611943015,2.39821140413
2020-02-27,0,0,,,,,,,21228,14423,27204,110909,76205,140777,112569,76151,143789,2.24561231521,2.0948691812,2.39745314418
2020-02-28,0,0,,,,,,,25822,17351,33417,136264,93278,173532,138391,93502,177206,2.24355521457,2.09320949221,2.39629936838
2020-02-29,1,1,,,,,,,31544,20652,41488,167134,113530,214035,169935,114154,218694,2.24074365316,2.09101164284,2.39457302407
2020-03-01,0,1,,,,,,,40917,26220,54420,206846,139067,266713,210852,140374,273114,2.23689696183,2.08810229774,2.39237201956
2020-03-02,5,6,,,,,,,50796,32236,68030,255241,169945,331502,261648,172610,341144,2.23163227296,2.08425437973,2.38915178669
2020-03-03,1,7,,,,,,,62923,39732,84255,314305,207274,410726,324571,212342,425399,2.22443156179,2.07914119392,2.38432430288
2020-03-04,4,11,,,,,,,77048,48089,103953,387076,252644,509085,401619,260431,529352,2.21460081886,2.07190414127,2.37732702353
2020-03-05,1,12,,,,,,,96050,59576,129825,478084,308928,632359,497669,320007,659177,2.20122442447,2.06250375067,2.3678309761
2020-03-06,2,14,,,,,,,117180,72062,159060,590084,377591,784655,614849,392069,818237,2.18312289106,2.04740747205,2.35579559101
2020-03-07,3,17,,,,,,,140756,87001,192482,725128,460721,969677,755605,479070,1010719,2.15883014496,2.02580115752,2.33786884407
2020-03-08,4,21,,,,,,,166122,104772,227860,884464,560733,1188776,921727,583842,1238579,2.12661981654,1.98518689527,2.3110768178
2020-03-09,1,22,,,,,,,192484,125597,261977,1068823,680456,1440460,1114211,709439,1500556,2.08462393973,1.92609293137,2.27532369616
2020-03-10,6,28,,,,,,,218898,147650,295965,1277410,820591,1723353,1333109,857089,1796521,2.0310917085,1.85992725485,2.23879000084
2020-03-11,5,33,,,,,,,241999,167717,322703,1503235,977433,2025503,1575108,1024806,2119224,1.96480646383,1.77765635138,2.19248548033
2020-03-12,10,43,,,,,,,260727,182209,341781,1744493,1146213,2342569,1835835,1207015,2461005,1.8855949183,1.67681794153,2.1418849656
2020-03-13,9,52,,,,,,,275299,192863,363050,1998564,1324561,2678405,2111134,1399878,2824055,1.79474762173,1.57069480299,2.09239949631
2020-03-14,6,58,,,,,,,285641,201698,378259,2258383,1508860,3023191,2396775,1601576,3202314,1.69512126615,1.44945257923,2.04190860717
2020-03-15,12,70,,,,,,,292983,208401,391985,2519822,1696700,3373567,2689758,1809977,3594299,1.59080613612,1.3281510978,1.97626532459
2020-03-16,27,97,,,,,,,297535,214082,403551,2776440,1884816,3722573,2987293,2024059,3997850,1.48645957819,1.21882771079,1.88985737691
2020-03-17,35,132,,,,,,,299960,218553,405357,3025604,2071560,4059783,3287253,2242612,4403207,1.38655292786,1.12746570965,1.78406967517
2020-03-18,59,191,,,,,,,300934,222425,403885,3263615,2254864,4379253,3588187,2465037,4807092,1.29476395175,1.0550121448,1.66905818423
2020-03-19,77,268,,,,,,,300861,225449,400839,3487428,2433016,4675877,3889048,2690486,5207931,1.21362649285,1.00320878494,1.54467009717
2020-03-20,99,367,,,,,,,300146,227749,397852,3691524,2602178,4943475,4189194,2918235,5605783,1.14443146332,0.96637452407,1.43029712555
2020-03-21,95,462,,,,,,,298859,229684,393161,3873204,2760877,5176964,4488053,3147919,5998944,1.08732314868,0.941054358667,1.33294252714
2020-03-22,148,610,,,,,,,297076,230784,388359,4029524,2905735,5372110,4785129,3378703,6387303,1.04153496647,0.923200703382,1.25103032141
2020-03-23,187,797,,,,,,,294923,231393,381317,4158324,3033394,5524710,5080052,3610096,6768620,1.00570659996,0.908652933658,1.17369806613
2020-03-24,242,1039,,,,,,,292444,230788,376572,4258284,3139489,5638457,5372496,3840884,7145192,0.978208746087,0.891028272339,1.11021693607
2020-03-25,316,1355,,,,,,,289684,230316,369447,4329071,3223053,5711032,5662180,4071200,7514639,0.95740569797,0.877505054753,1.06186837787
2020-03-26,422,1777,,,,,,,286648,229661,363050,4373720,3285740,5750279,5948828,4300861,7877689,0.941821374743,0.867666337283,1.02405977393
2020-03-27,561,2338,,,,,,,283328,227400,356770,4396321,3331300,5764057,6232156,4528261,8234459,0.930214664374,0.859002041424,0.998574487961
2020-03-28,654,2992,,,,,,,279737,224572,350597,4400759,3362997,5750624,6511893,4752833,8585056,0.921591222481,0.852832328734,0.980458525316
2020-03-29,634,3626,,,,,,,275918,221476,345133,4391036,3382396,5716920,6787811,4974309,8930189,0.915180455458,0.848370149133,0.969465122625
2020-03-30,834,4460,,,,,,,271824,218905,338743,4369877,3392239,5663545,7059635,5193214,9268932,0.910398667778,0.845444715972,0.961841683739
2020-03-31,1255,5715,,,,,,,267509,214870,332091,4339852,3391992,5592617,7327144,5408084,9601023,0.906810586438,0.843264472091,0.95650695141
2020-04-01,1268,6983,,,,,,,262994,210871,325183,4302886,3383092,5513258,7590138,5618955,9926206,0.904095027076,0.841998736083,0.952298551871
2020-04-02,1613,8596,,,,,,,258306,206373,318639,4260258,3365709,5428933,7848444,5825328,10244845,0.902016637197,0.840827301556,0.948997077124
2020-04-03,1337,9933,,,,,,,253475,201968,312630,4212872,3341008,5341730,8101919,6027296,10557475,0.900403721102,0.839753071311,0.946482657862
2020-04-04,1327,11260,,,,,,,248527,197718,306652,4161253,3309916,5251664,8350446,6225014,10864127,0.899131349113,0.838995005152,0.944438215218
2020-04-05,1502,12762,,,,,,,243497,193291,300504,4105890,3272702,5160091,8593943,6418305,11164631,0.898108738264,0.838310168556,0.942811794775
2020-04-06,1739,14501,,,,,,,238418,188947,293949,4047232,3230253,5066727,8832361,6607252,11458580,0.897269942886,0.837707974247,0.941690893014
2020-04-07,2379,16880,,,,,,,233323,184477,288095,3985633,3182928,4974370,9065684,6791729,11746675,0.896567043285,0.837133388959,0.940832760958
2020-04-08,2182,19062,,,,,,,228244,179923,282090,3921433,3131810,4880770,9293928,6971652,12028765,0.895965188241,0.836672581013,0.940165832325
2020-04-09,2151,21213,,,,,,,223205,175413,276519,3854954,3076756,4788480,9517133,7147065,12305284,0.895438998376,0.836266775126,0.939581269677
2020-04-10,2146,23359,,,,,,,218229,171065,270762,3786535,3018073,4696662,9735362,7318130,12576046,0.894969961621,0.835852842908,0.939113196411
2020-04-11,2124,25483,,,,,,,213331,166784,264913,3716538,2957380,4605135,9948693,7484914,12840959,0.894541050228,0.835421170997,0.93868794592
2020-04-12,1853,27336,,,,,,,208524,162583,258777,3645325,2895307,4513544,10157217,7647497,13099736,0.894148242786,0.835052362804,0.938354830504
2020-04-13,1906,29242,,,,,,,203817,158564,253142,3573224,2832318,4421709,10361034,7806061,13352878,0.8937810027,0.834729014915,0.937938853651
2020-04-14,2457,31699,,,,,,,199214,154703,247883,3500614,2768029,4330920,10560248,7960764,13600761,0.893436352914,0.83428440199,0.937574297068
2020-04-15,2609,34308,,,,,,,194717,150819,242625,3427822,2703912,4241477,10754965,8111583,13843386,0.893114094127,0.833941734334,0.937212898685
2020-04-16,2175,36483,,,,,,,190327,146988,237580,3355154,2639985,4153870,10945292,8258571,14080966,0.89280572193,0.833653683722,0.936861174385
2020-04-17,2666,39149,,,,,,,186042,143171,232655,3282890,2576783,4067891,11131334,8401742,14313621,0.892513749361,0.833380128755,0.936541959738
2020-04-18,2445,41594,,,,,,,181861,139547,228006,3211276,2514382,3983288,11313195,8541289,14541627,0.89223442707,0.833152697981,0.936261457839
2020-04-19,1276,42870,,,,,,,177781,135967,223413,3140530,2452662,3900081,11490976,8677256,14765040,0.891968702176,0.832999936647,0.935991990587
2020-04-20,1834,44704,,,,,,,173800,132445,218843,3070833,2391841,3818480,11664776,8809701,14983883,0.891716873933,0.832848994419,0.935742809726
2020-04-21,2504,47208,,,,,,,169915,129059,214506,3002330,2331974,3739124,11834691,8938760,15198389,0.891478034115,0.832699314024,0.93546977504
2020-04-22,2431,49639,,,,,,,166123,125821,210375,2935130,2273332,3661484,12000814,9064581,15408764,0.891254040712,0.832493300964,0.935214269105
2020-04-23,2466,52105,,,,,,,162423,122534,206254,2869309,2215941,3585721,12163237,9187115,15615018,0.891047637679,0.832334661082,0.934982900991
2020-04-24,2154,54259,,,,,,,158814,119420,202393,2804918,2159933,3511663,12322051,9306535,15817411,0.890862358322,0.832202790105,0.93481303249
2020-04-25,1697,55956,,,,,,,155297,116269,198580,2741986,2105109,3439543,12477348,9422804,16015991,0.890703276763,0.832169483157,0.934587687255
2020-04-26,1330,57286,,,,,,,151868,113316,194891,2680523,2051614,3369574,12629216,9536120,16210882,0.890577525086,0.832112025421,0.934443022975
2020-04-27,1467,58753,,,,,,,148527,110346,191354,2620525,1999349,3302202,12777743,9646466,16402236,0.890494510518,0.83200688901,0.934214776242
2020-04-28,2241,60994,,,,,,,145274,107400,187866,2561982,1948164,3236962,12923017,9753866,16590102,0.890467127073,0.83208454806,0.934028511111
2020-04-29,2521,63515,,,,,,,142109,104574,184517,2504878,1898015,3173624,13065126,9858440,16774619,0.890512691504,0.832205846133,0.933903610701
2020-04-30,2324,65839,,,,,,,139034,101741,181299,2449195,1848918,3112317,13204160,9960181,16955918,0.890654186096,0.832076367477,0.933762782974
2020-05-01,1891,67730,,,,,,,136049,99051,178235,2394917,1800967,3052980,13340209,10059232,17134153,0.890921892058,0.832139396308,0.933724954829
2020-05-02,1692,69422,,,,,,,133157,96406,175145,2342032,1754196,2995471,13473366,10155638,17309298,0.891355161448,0.832067133925,0.933770380427
2020-05-03,1121,70543,,,,,,,130359,93827,172062,2290530,1708475,2939524,13603725,10249465,17481360,0.892004179112,0.832044507308,0.934325764821
2020-05-04,1333,71876,,,,,,,127660,91365,169176,2240408,1663873,2885282,13731385,10340830,17650536,0.892931269779,0.831959994201,0.934745354359
2020-05-05,2318,74194,,,,,,,125064,89036,166459,2191672,1620464,2832888,13856449,10429866,17816995,0.894210988319,0.832078846292,0.935959859329
2020-05-06,2363,76557,,,,,,,122576,86782,163797,2144334,1578185,2782169,13979025,10516648,17980792,0.895927856732,0.832210962958,0.940057856762
2020-05-07,1936,78493,,,,,,,120203,84623,161325,2098413,1536988,2733108,14099228,10601271,18142117,0.898170489328,0.832560986227,0.952249638341
2020-05-08,1747,80240,,,,,,,117951,82561,158893,2053942,1497015,2685736,14217179,10683832,18301010,0.901021501747,0.833458603624,0.968427827036
2020-05-09,1488,81728,,,,,,,115831,80661,156595,2010958,1458255,2639930,14333010,10764493,18457605,0.904544659585,0.834291093535,0.987735621314
2020-05-10,894,82622,,,,,,,113852,78867,154545,1969513,1420853,2595889,14446862,10843360,18612150,0.9087739784,0.835136115234,1.01131500743
2020-05-11,1015,83637,,,,,,,112025,77215,152751,1929671,1384750,2553743,14558887,10920575,18764901,0.913711572761,0.836196473915,1.03018929583
2020-05-12,1626,85263,,,,,,,110366,75732,151070,1891510,1350133,2513452,14669253,10996307,18915971,0.919338091032,0.837721470059,1.05986932811
2020-05-13,1763,87026,,,,,,,108888,74399,149631,1855124,1317130,2475211,14778141,11070706,19065602,0.925631097312,0.84010003239,1.09009116671
2020-05-14,1783,88809,,,,,,,107605,73212,148510,1820619,1285767,2439193,14885746,11143918,19214112,0.932579972159,0.844042011877,1.11650257892
2020-05-15,1681,90490,,,,,,,106533,72178,147480,1788118,1256211,2405364,14992279,11216096,19361592,0.940189261922,0.849027275036,1.13917752162
2020-05-16,1216,91706,,,,,,,105688,71326,146907,1757757,1228499,2374021,15097967,11287422,19508499,0.948473142879,0.855399552105,1.15841831553
2020-05-17,758,92464,,,,,,,105084,70610,146433,1729684,1202723,2345295,15203051,11358032,19654932,0.957448863082,0.86657817649,1.17385690924
2020-05-18,776,93240,,,,,,,104735,70124,146244,1704060,1179048,2319465,15307786,11428156,19801176,0.9671304525,0.87485636307,1.1861016202
2020-05-19,1555,94795,,,,,,,104655,69728,146464,1681055,1157444,2296733,15412441,11497884,19947640,0.977515329204,0.875010992721,1.19822423298
2020-05-20,1579,96374,,,,,,,104859,69617,146859,1660850,1138058,2277107,15517300,11567501,20094499,0.988560134004,0.875585456626,1.2102005298
2020-05-21,1234,97608,,,,,,,105357,69831,147640,1643630,1121142,2260921,15622657,11637332,20242139,1.00015692474,0.876091121399,1.22147253603
2020-05-22,1273,98881,,,,,,,106160,70396,148758,1629588,1106957,2248323,15728817,11707728,20390897,1.01213025319,0.877260764867,1.23626839986
2020-05-23,1130,100011,,,,,,,107283,71134,150271,1618919,1095574,2239668,15836100,11778862,20541168,1.02426654211,0.878177207665,1.24686924933
2020-05-24,614,100625,,,,,,,108735,72053,152110,1611824,1087015,2235153,15944835,11850915,20693278,1.03636516497,0.878518630371,1.25442893062
2020-05-25,523,101148,,,,,,,110527,73248,154319,1608499,1081453,2234901,16055362,11924163,20847597,1.04828409045,0.878903810946,1.26153919412
2020-05-26,695,101843,,,,,,,112679,74896,157003,1609152,1079186,2239124,16168041,11999059,21004600,1.05995576987,0.879955155842,1.26802297629
2020-05-27,1518,103361,,,,,,,115202,76714,160055,1613988,1080209,2248076,16283243,12075773,21164655,1.07136983642,0.880970447001,1.28009575355
2020-05-28,1192,104553,,,,,,,118102,78902,163553,1623202,1084745,2261969,16401345,12154675,21328208,1.08253890625,0.882289019473,1.30135793144
2020-05-29,1171,105724,,,,,,,121393,81510,167409,1636990,1093068,2280836,16522738,12236185,21495617,1.09347267317,0.884647449645,1.30791510639
2020-05-30,979,106703,,,,,,,125089,84509,172178,1655546,1105430,2305504,16647827,12320694,21667795,1.10420250584,0.88799633379,1.3132495466
2020-05-31,591,107294,,,,,,,129207,87639,177169,1679065,1121780,2335740,16777034,12408333,21844964,1.1147409741,0.892826151415,1.31293554209
2020-06-01,777,108071,,,,,,,133768,91184,182591,1707749,1142385,2371873,16910802,12499517,22027555,1.12509645695,0.899784878613,1.31386554938
2020-06-02,1043,109114,,,,,,,138785,95297,188750,1741799,1167583,2414354,17049587,12594814,22216305,1.13521779791,0.909182989353,1.31405196687
2020-06-03,1011,110125,,,,,,,144278,99682,195059,1781422,1197557,2462929,17193865,12694496,22411364,1.14499958469,0.922251283905,1.31739003464
2020-06-04,1023,111148,,,,,,,150265,104452,202207,1826828,1232404,2518251,17344130,12798948,22613571,1.15427833809,0.930390192291,1.32987213586
2020-06-05,949,112097,,,,,,,156760,109548,210127,1878231,1272125,2580698,17500890,12908496,22823698,1.16290241785,0.934741335878,1.33996156986
2020-06-06,687,112784,,,,,,,163780,115180,218986,1935851,1316911,2650881,17664670,13023676,23042684,1.17076428964,0.940433077384,1.34688049907
2020-06-07,447,113231,,,,,,,171341,121302,228624,1999910,1367083,2729181,17836011,13144978,23271308,1.17778160223,0.946932191962,1.35077016522
2020-06-08,513,113744,,,,,,,179457,127881,239385,2070632,1422922,2816401,18015468,13272859,23510693,1.18392853967,0.957206675804,1.35184260122
2020-06-09,945,114689,,,,,,,188136,134982,251018,2148241,1484665,2913033,18203604,13407841,23761711,1.18918329171,0.971002145537,1.35254981979
2020-06-10,918,115607,,,,,,,197382,142296,262461,2232944,1552060,3018432,18400986,13550137,24024172,1.19355608287,0.986258478391,1.35406473419
2020-06-11,888,116495,,,,,,,207191,150183,274582,2324933,1625507,3132906,18608177,13700320,24298754,1.19707818651,1.00925530154,1.35485382458
2020-06-12,832,117327,,,,,,,217550,158291,287697,2424381,1704881,3257011,18825727,13858611,24586451,1.19976059748,1.03503936063,1.35545091506
2020-06-13,763,118090,,,,,,,228437,167212,301137,2531425,1790553,3390714,19054164,14025823,24887588,1.20163127707,1.05773766242,1.35641699354
2020-06-14,308,118398,,,,,,,239813,176346,315591,2646149,1882362,3534111,19293977,14202169,25203179,1.20265944898,1.05423379415,1.35540695443
2020-06-15,391,118789,,,,,,,251624,185866,330499,2768566,1980567,3687444,19545601,14388035,25533678,1.20284551697,1.053089793,1.35673628912
2020-06-16,843,119632,,,,,,,263801,195479,345399,2898599,2084852,3850298,19809402,14583514,25879077,1.20216070003,1.04580041123,1.35617118541
2020-06-17,752,120384,,,,,,,276256,205385,359768,3036070,2194931,4021392,20085658,14788899,26238845,1.20059042691,1.03226839669,1.35729295594
2020-06-18,710,121094,,,,,,,288887,215294,373723,3180680,2310540,4200163,20374545,15004193,26612568,1.19813641558,1.02213713669,1.35780757539
2020-06-19,672,121766,,,,,,,301580,225821,388013,3331994,2431891,4386072,20676125,15230014,27000581,1.19478565079,1.01592190046,1.35747609341
2020-06-20,613,122379,,,,,,,314208,236666,402451,3489443,2558980,4578495,20990333,15466680,27403032,1.19055612589,1.00869695523,1.3563532042
2020-06-21,284,122663,,,,,,,326645,247509,415967,3652308,2691262,4775544,21316978,15714189,27818999,1.18545427123,1.00424859748,1.35664956581
2020-06-22,387,123050,,,,,,,338766,258259,429628,3819733,2828179,4976592,21655744,15972448,28248627,1.17956722929,0.998010514497,1.35696671175
2020-06-23,847,123897,,,,,,,350457,268702,441802,3990733,2968982,5179033,22006201,16241150,28690429,1.17300125764,0.990688382433,1.35559681886
2020-06-24,764,124661,,,,,,,361616,279565,453663,4164213,3113561,5381656,22367817,16520715,29144092,1.1658678584,0.984418166049,1.35417678076
2020-06-25,559,125220,,,,,,,372158,289600,465149,4338990,3260857,5584292,22739975,16810315,29609241,1.15828708778,0.978509935228,1.35311615753
2020-06-26,612,125832,,,,,,,382018,299624,475420,4513817,3410292,5785044,23121993,17109939,30084661,1.15034678353,0.967668523732,1.35097700806
2020-06-27,500,126332,,,,,,,391146,308681,484833,4687413,3560703,5982073,23513139,17418620,30569494,1.14214864935,0.961134173574,1.35031160566
2020-06-28,251,126583,,,,,,,399511,316637,493687,4858486,3710173,6174521,23912650,17735257,31063181,1.1337699537,0.95422407778,1.35021657168
2020-06-29,364,126947,,,,,,,407101,324645,501186,5025774,3858562,6360035,24319751,18059902,31564367,1.12528362397,0.948397339869,1.34728643899
2020-06-30,735,127682,,,,,,,413920,330749,508363,5188071,4003536,6537844,24733671,18390651,32072730,1.11674218072,0.946252056187,1.34616922421
2020-07-01,687,128369,,,,,,,419987,336233,514951,5344257,4144369,6707356,25153658,18726884,32587681,1.10815928622,0.942624706263,1.34212219548
2020-07-02,724,129093,,,,,,,425327,341298,521602,5493328,4280331,6869188,25578985,19068182,33109283,1.09954070917,0.93921185118,1.33493874207
2020-07-03,653,129746,,,,,,,429971,344947,526380,5634411,4409984,7021821,26008956,19413129,33635663,1.09087131765,0.936138583482,1.32641539565
2020-07-04,271,130017,,,,,,,433952,348158,531220,5766784,4532286,7165029,26442908,19761287,34166883,1.08216347486,0.931020176658,1.31547889994
2020-07-05,299,130316,,,,,,,437305,350174,535810,5889881,4645732,7298412,26880213,20111461,34702693,1.07346100155,0.923476835492,1.30997645593
2020-07-06,351,130667,,,,,,,440065,352537,539467,6003300,4750672,7421921,27320278,20463998,35242160,1.06484093974,0.920815161326,1.30360256678
2020-07-07,1224,131891,,,,,,,442267,354049,542456,6106801,4846377,7534766,27762545,20818047,35784616,1.05639788868,0.918656479079,1.2941221421
2020-07-08,850,132741,,,,,,,443947,355072,546481,6200291,4932679,7639477,28206492,21173119,36331097,1.04822694366,0.914697851232,1.28593351384
2020-07-09,1012,133753,,,,,,,445143,355040,549204,6283818,5008068,7735045,28651635,21528159,36880301,1.0404083156,0.910557536303,1.27880324551
2020-07-10,830,134583,,,,,,,445889,354762,552216,6357549,5073151,7822153,29097524,21882921,37432517,1.03299727072,0.908616524887,1.26942928404
2020-07-11,691,135274,,,,,,,446219,354221,554668,6421750,5127680,7901451,29543743,22237142,37987185,1.02602979743,0.906011312252,1.25764844437
2020-07-12,451,135725,,,,,,,446165,353578,556424,6476769,5172524,7973094,29989908,22590720,38543609,1.01952497046,0.905023741871,1.24907673386
2020-07-13,389,136114,,,,,,,445758,352220,557169,6523016,5208081,8036633,30435666,22942940,39100778,1.0134846181,0.903019766955,1.23836795417
2020-07-14,928,137042,,,,,,,445024,350607,558003,6560939,5234050,8093505,30880690,23293547,39658781,1.00789468539,0.900886237902,1.22008130328
2020-07-15,968,138010,,,,,,,443990,348605,558901,6591009,5251918,8144109,31324680,23642152,40217682,1.00273218444,0.898971745716,1.20673960704
2020-07-16,953,138963,,,,,,,442680,345864,558911,6613703,5261560,8188136,31767360,23988016,40776593,0.997974927676,0.897385311393,1.19625829041
2020-07-17,920,139883,,,,,,,441115,343418,559522,6629491,5263695,8226137,32208475,24331434,41336115,0.99360725626,0.894091017707,1.18695055016
2020-07-18,870,140753,,,,,,,439316,340406,558661,6638835,5259162,8258479,32647791,24671840,41894776,0.98961854836,0.892671740702,1.16667379591
2020-07-19,445,141198,,,,,,,437300,337125,558277,6642183,5248131,8285596,33085091,25008965,42453053,0.985997677864,0.892030236885,1.15037406292
2020-07-20,514,141712,,,,,,,435085,334044,558478,6639963,5231995,8308310,33520176,25343009,43011531,0.9827286463,0.889453740802,1.13778041795
2020-07-21,1109,142821,,,,,,,432685,330634,557660,6632584,5210078,8326541,33952861,25673643,43569191,0.979789609421,0.886312201206,1.11714115632
2020-07-22,1211,144032,,,,,,,430114,326822,556201,6620431,5182832,8340309,34382975,26000465,44125392,0.977154191936,0.883611311113,1.09514438324
2020-07-23,1121,145153,,,,,,,427382,323013,554920,6603866,5150747,8348747,34810357,26323478,44680312,0.97479336212,0.883002432488,1.07751266578
2020-07-24,1123,146276,,,,,,,424503,319199,553375,6583225,5114876,8352908,35234860,26642677,45233687,0.972677161538,0.882468427992,1.06316892562
2020-07-25,901,147177,,,,,,,421485,314977,552120,6558822,5075060,8352792,35656345,26957654,45785807,0.970776309003,0.882090813387,1.05291510308
2020-07-26,477,147654,,,,,,,418340,310780,550075,6530943,5031596,8348183,36074685,27268434,46335882,0.969063682159,0.880869535524,1.0481885142
2020-07-27,1125,148779,,,,,,,415077,306331,548043,6499856,4984333,8339794,36489762,27574765,46883925,0.967515451448,0.880270038767,1.04719440485
2020-07-28,1368,150147,,,,,,,411705,302073,546067,6465803,4934174,8328686,36901467,27876838,47429992,0.966111591919,0.879788262,1.0399524347
2020-07-29,1436,151583,,,,,,,408232,298014,544123,6429011,4881566,8314814,37309699,28174852,47974115,0.964835661258,0.879342051517,1.03647693022
2020-07-30,1216,152799,,,,,,,404667,293781,541690,6389688,4826733,8297617,37714366,28468633,48515805,0.963673989485,0.879059437574,1.03224719453
2020-07-31,1246,154045,,,,,,,401018,289613,539031,6348026,4770473,8277754,38115384,28758246,49054836,0.962614629913,0.878752960464,1.03112903348
2020-08-01,1111,155156,,,,,,,397293,285214,536450,6304204,4712256,8254690,38512677,29043460,49591286,0.961646456763,0.8784563824,1.03004085393
2020-08-02,406,155562,,,,,,,393499,280951,533166,6258387,4652784,8229192,38906176,29324411,50124452,0.960758652961,0.878168822422,1.02930368881
2020-08-03,539,156101,,,,,,,389643,276603,530563,6210730,4592248,8201467,39295819,29601014,50655015,0.959940616287,0.877882582212,1.02825201727
2020-08-04,1378,157479,,,,,,,385733,272059,527609,6161378,4530250,8170600,39681552,29873073,51182624,0.959182151101,0.87759920914,1.02700932056
2020-08-05,1372,158851,,,,,,,381776,267454,524719,6110468,4467062,8137665,40063328,30140527,51707343,0.958473764334,0.877323690394,1.02651131884
2020-08-06,1250,160101,,,,,,,377778,262723,521024,6058132,4402952,8102492,40441106,30403250,52228367,0.957806924543,0.877055654843,1.02601182629
2020-08-07,1243,161344,,,,,,,373745,258094,518212,6004495,4338028,8065786,40814851,30661344,52746579,0.957174214608,0.876794004999,1.02435407528
2020-08-08,1076,162420,,,,,,,369684,253602,514285,5949676,4272425,8026717,41184535,30914946,53260864,0.956569368952,0.876539899263,1.02361343827
2020-08-09,515,162935,,,,,,,365600,249197,510301,5893791,4206641,7984927,41550135,31164143,53771165,0.955987219561,0.87632738469,1.02288830678
2020-08-10,525,163460,,,,,,,361499,244968,506803,5836949,4140828,7941678,41911634,31409111,54277968,0.955423585091,0.875743690263,1.02217700571
2020-08-11,1064,164524,,,,,,,357386,240364,502879,5779258,4074860,7896550,42269020,31649475,54780847,0.954875133828,0.875417035219,1.0214719351
2020-08-12,1507,166031,,,,,,,353265,235798,499209,5720818,4008586,7849733,42622285,31885273,55280056,0.954339242658,0.87510713777,1.02056479555
2020-08-13,1076,167107,,,,,,,349141,231423,495231,5661727,3941995,7800877,42971426,32116696,55775287,0.953813865465,0.874777545743,1.01978493877
2020-08-14,1342,168449,,,,,,,345018,227262,491672,5602077,3875478,7750893,43316444,32343958,56266959,0.953297417601,0.874458292191,1.01891756143
2020-08-15,1029,169478,,,,,,,340899,223156,487360,5541958,3809015,7699240,43657343,32567114,56754319,0.95278867849,0.874148128549,1.01816420284
2020-08-16,571,170049,,,,,,,336787,219351,483481,5481452,3743144,7646275,43994130,32786465,57237800,0.952286711861,0.873846656139,1.01756586549
2020-08-17,445,170494,,,,,,,332686,215267,479245,5420639,3677450,7592343,44326816,33001732,57717045,0.951790801717,0.873553529623,1.01709184105
2020-08-18,1324,171818,,,,,,,328598,211221,475080,5359594,3612057,7536846,44655414,33212953,58192125,0.951300401718,0.873268444919,1.0166368354
2020-08-19,1356,173174,,,,,,,324526,207244,470767,5298387,3547235,7479992,44979940,33420197,58662892,0.950815095599,0.872991130035,1.01618019824
2020-08-20,1078,174252,,,,,,,320471,203373,466769,5237082,3483148,7422033,45300411,33623570,59129661,0.950334566468,0.872771982074,1.0157219565
2020-08-21,,,997,744,1312,175249,174996,175564,316436,199689,462634,5175740,3420107,7363634,45616847,33823259,59592295,,,
2020-08-22,,,991,736,1310,176240,175732,176874,312422,196071,458439,5114416,3358080,7303851,45929269,34019330,60050734,,,
2020-08-23,,,984,726,1306,177224,176459,178180,308431,192503,454381,5053163,3296976,7243939,46237700,34211833,60505115,,,
2020-08-24,,,977,717,1303,178202,177176,179482,304776,188985,450385,4992340,3236763,7184018,46542476,34400818,60955500,,,
2020-08-25,,,970,707,1300,179172,177884,180781,301141,185688,446101,4931982,3177481,7123314,46843617,34586506,61401601,,,
2020-08-26,,,963,697,1297,180135,178581,182078,297540,182464,442012,4872136,3119580,7062444,47141157,34768970,61843613,,,
2020-08-27,,,955,688,1293,181089,179270,183371,293991,179241,438144,4812862,3063026,7001382,47435148,34948211,62281757,,,
2020-08-28,,,947,678,1288,182036,179949,184658,290524,176218,434963,4754245,3007824,6941119,47725672,35124429,62716720,,,
2020-08-29,,,939,669,1284,182975,180618,185941,287171,173264,431621,4696398,2953829,6881074,48012843,35297693,63148341,,,
2020-08-30,,,930,659,1277,183905,181277,187218,283910,170428,428132,4639409,2901100,6821846,48296753,35468121,63576473,,,
2020-08-31,,,921,649,1271,184826,181927,188488,280721,167745,425750,4583343,2849492,6764116,48577474,35635866,64002223,,,
2020-09-01,,,913,639,1265,185739,182566,189753,277605,165025,422581,4528261,2799248,6707453,48855079,35800891,64424804,,,
2020-09-02,,,904,629,1259,186642,183196,191011,274563,162401,419826,4474227,2750427,6652199,49129642,35963292,64844630,,,
2020-09-03,,,894,618,1252,187537,183815,192262,271609,159787,416981,4421310,2702968,6598415,49401251,36123079,65261611,,,
2020-09-04,,,885,608,1244,188422,184423,193505,268741,157169,414624,4369580,2656764,6546275,49669992,36280248,65676235,,,
2020-09-05,,,876,597,1235,189298,185020,194740,265956,154655,412446,4319100,2611729,6496086,49935948,36434903,66088681,,,
2020-09-06,,,867,587,1228,190165,185608,195967,263251,152110,410155,4269930,2567768,6447802,50199199,36587013,66498836,,,
2020-09-07,,,857,577,1220,191022,186185,197186,260627,149622,407990,4222127,2524887,6401415,50459826,36736635,66906826,,,
2020-09-08,,,848,567,1211,191869,186753,198397,258087,147132,405693,4175437,2483037,6356733,50717913,36883767,67312519,,,
2020-09-09,,,838,557,1202,192707,187310,199598,255631,144719,403906,4129927,2442074,6314545,50973544,37028486,67716425,,,
2020-09-10,,,828,547,1194,193536,187858,200792,253262,142486,401858,4085649,2402105,6274393,51226806,37170972,68118283,,,
2020-09-11,,,819,536,1185,194355,188395,201976,250977,140335,400489,4042635,2363208,6236739,51477783,37311307,68518772,,,
2020-09-12,,,809,527,1175,195164,188922,203151,248779,138217,399572,4000890,2325215,6201348,51726562,37449524,68918344,,,
2020-09-13,,,800,517,1166,195964,189440,204316,246667,136120,399419,3960386,2288079,6169150,51973229,37585644,69317763,,,
2020-09-14,,,790,509,1156,196754,189949,205472,244644,133989,398962,3921120,2251643,6139986,52217873,37719633,69716725,,,
2020-09-15,,,781,499,1146,197535,190449,206617,242710,131850,398383,3883109,2215747,6112628,52460583,37851483,70115108,,,
2020-09-16,,,771,490,1137,198306,190940,207753,240866,129669,398226,3846371,2180389,6088283,52701449,37981152,70513334,,,
2020-09-17,,,762,481,1127,199068,191422,208880,239112,127611,398134,3810920,2145595,6066597,52940561,38108763,70911468,,,
2020-09-18,,,753,473,1118,199821,191896,209997,237444,125722,398786,3776755,2111526,6048408,53178005,38234485,71310254,,,
2020-09-19,,,744,464,1109,200565,192361,211105,235863,123608,399469,3743877,2077962,6033257,53413868,38358093,71709723,,,
2020-09-20,,,735,456,1099,201300,192817,212203,234366,121558,399948,3712288,2044861,6020745,53648234,38479651,72109671,,,
2020-09-21,,,726,448,1089,202027,193267,213291,232953,119614,401283,3681990,2012363,6011859,53881187,38599265,72510954,,,
2020-09-22,,,718,441,1080,202744,193708,214371,231621,117922,401876,3652984,1980660,6005730,54112808,38717187,72912830,,,
2020-09-23,,,709,433,1071,203454,194142,215441,230368,116171,402732,3625265,1949696,6002760,54343176,38833358,73315562,,,
2020-09-24,,,701,426,1061,204154,194568,216501,229190,114337,404477,3598824,1919313,6003325,54572366,38947695,73720039,,,
2020-09-25,,,693,418,1052,204847,194987,217551,228090,112548,407094,3573652,1889374,6008557,54800456,39060243,74127133,,,
2020-09-26,,,685,411,1044,205532,195399,218594,227065,110762,409533,3549739,1859804,6017599,55027521,39171005,74536666,,,
2020-09-27,,,677,404,1036,206209,195804,219629,226113,109009,412432,3527074,1830600,6030458,55253634,39280014,74949098,,,
2020-09-28,,,670,398,1030,206879,196202,220658,225232,107383,415028,3505639,1801868,6046065,55478866,39387397,75364126,,,
2020-09-29,,,662,391,1023,207541,196594,221680,224419,105666,417706,3485414,1773552,6064801,55703285,39493063,75781832,,,
2020-09-30,,,655,385,1016,208196,196980,222695,223671,104050,420788,3466375,1745757,6087197,55926956,39597113,76202620,,,
2020-10-01,,,648,379,1010,208844,197359,223703,222991,102514,424559,3448500,1718606,6113524,56149947,39699627,76627179,,,
2020-10-02,,,641,373,1005,209485,197733,224707,222375,100985,427711,3431763,1691985,6143096,56372322,39800612,77054890,,,
2020-10-03,,,635,367,999,210120,198100,225704,221823,99612,430760,3416142,1665877,6175068,56594145,39900224,77485650,,,
2020-10-04,,,628,361,993,210748,198462,226695,221333,98266,434802,3401611,1640538,6210393,56815478,39998490,77920452,,,
2020-10-05,,,622,355,986,211370,198818,227680,220900,96821,437863,3388145,1615802,6248291,57036378,40095311,78358315,,,
2020-10-06,,,616,349,981,211986,199167,228660,220525,95336,441207,3375716,1591527,6288196,57256903,40190647,78799522,,,
2020-10-07,,,610,343,977,212596,199511,229635,220207,93958,445141,3364302,1567563,6331439,57477110,40284605,79244663,,,
2020-10-08,,,605,338,973,213201,199850,230607,219946,92549,449196,3353881,1543942,6377884,57697056,40377154,79693859,,,
2020-10-09,,,599,333,969,213800,200184,231574,219737,91161,452830,3344427,1520763,6426223,57916793,40468315,80146689,,,
2020-10-10,,,594,328,968,214394,200512,232541,219579,89935,456624,3335917,1498150,6475741,58136372,40558250,80603313,,,
2020-10-11,,,589,323,967,214983,200836,233506,219472,88654,460231,3328324,1476041,6526428,58355844,40646904,81063544,,,
2020-10-12,,,584,318,967,215567,201155,234471,219411,87370,463628,3321622,1454399,6577611,58575255,40734274,81527172,,,
2020-10-13,,,580,313,965,216147,201469,235435,219397,86201,467602,3315787,1433215,6630171,58794652,40820475,81994774,,,
2020-10-14,,,575,308,965,216722,201777,236398,219428,84918,471814,3310795,1412466,6684268,59014080,40905393,82466588,,,
2020-10-15,,,571,303,964,217293,202081,237360,219502,83718,475894,3306626,1392134,6739366,59233582,40989111,82942482,,,
2020-10-16,,,567,299,966,217860,202381,238324,219618,82654,480322,3303253,1372272,6795120,59453200,41071765,83422804,,,
2020-10-17,,,563,294,967,218424,202675,239289,219773,81674,484917,3300650,1352963,6852319,59672973,41153439,83907721,,,
2020-10-18,,,560,289,969,218983,202965,240255,219965,80674,489074,3298791,1334027,6910617,59892938,41234113,84396795,,,
2020-10-19,,,556,284,969,219540,203250,241222,220192,79573,493098,3297651,1315333,6968894,60113130,41313686,84889893,,,
2020-10-20,,,553,280,971,220093,203531,242191,220453,78763,497261,3297204,1297273,7028257,60333583,41392449,85387154,,,
2020-10-21,,,550,276,973,220643,203808,243161,220745,77844,501592,3297424,1279778,7088608,60554328,41470293,85888746,,,
2020-10-22,,,547,272,977,221191,204081,244136,221067,77028,505668,3298284,1262844,7149095,60775395,41547321,86394414,,,
2020-10-23,,,545,267,982,221735,204349,245115,221418,76208,509336,3299756,1246499,7209193,60996813,41623529,86903750,,,
2020-10-24,,,542,263,988,222278,204614,246100,221794,75382,513088,3301814,1230713,7269406,61218607,41698911,87416838,,,
2020-10-25,,,540,259,993,222818,204874,247090,222195,74523,517214,3304429,1215294,7329952,61440802,41773434,87934052,,,
2020-10-26,,,538,255,999,223355,205130,248086,222618,73694,521331,3307575,1200332,7391014,61663420,41847128,88455383,,,
2020-10-27,,,536,251,1006,223891,205383,249089,223062,72860,525224,3311226,1185818,7452575,61886482,41919988,88980607,,,
2020-10-28,,,534,247,1012,224425,205631,250097,223526,72147,529008,3315355,1171760,7513955,62110008,41992135,89509615,,,
2020-10-29,,,532,244,1019,224958,205876,251113,224006,71451,532802,3319934,1158293,7574923,62334014,42063586,90042417,,,
2020-10-30,,,531,240,1026,225489,206118,252135,224501,70694,536993,3324933,1145272,7636016,62558515,42134280,90579410,,,
2020-10-31,,,530,237,1036,226019,206356,253168,225009,69949,540904,3330324,1132570,7696603,62783524,42204229,91120314,,,
2020-11-01,,,529,234,1045,226547,206591,254209,225528,69294,544798,3336079,1120195,7756494,63009052,42273523,91665112,,,
