date,actual_deaths,total_deaths,predicted_deaths_mean,predicted_deaths_lower,predicted_deaths_upper,predicted_total_deaths_mean,predicted_total_deaths_lower,predicted_total_deaths_upper,predicted_new_infected_mean,predicted_new_infected_lower,predicted_new_infected_upper,predicted_current_infected_mean,predicted_current_infected_lower,predicted_current_infected_upper,predicted_total_infected_mean,predicted_total_infected_lower,predicted_total_infected_upper,r_values_mean
2020-02-05,0,0,,,,,,,100,50,150,100,50,150,100,50,150,2.28695047679
2020-02-06,0,0,,,,,,,100,50,150,201,99,300,200,100,300,2.28674765371
2020-02-07,0,0,,,,,,,100,50,150,301,150,450,300,150,450,2.28670265849
2020-02-08,0,0,,,,,,,100,50,150,402,199,600,400,200,600,2.28664766514
2020-02-09,0,0,,,,,,,248,114,386,650,332,968,648,314,986,2.28658044567
2020-02-10,0,0,,,,,,,248,114,386,899,452,1348,896,428,1372,2.28649827314
2020-02-11,0,0,,,,,,,248,114,386,1147,570,1730,1144,542,1758,2.28639780898
2020-02-12,0,0,,,,,,,248,114,386,1396,687,2113,1392,656,2144,2.28627496457
2020-02-13,0,0,,,,,,,397,190,610,1793,899,2701,1789,846,2754,2.28612473096
2020-02-14,0,0,,,,,,,551,284,835,2344,1190,3530,2340,1130,3589,2.28592527681
2020-02-15,0,0,,,,,,,748,417,1100,3092,1629,4608,3088,1547,4689,2.28569850086
2020-02-16,0,0,,,,,,,1393,783,1898,4485,2517,6494,4481,2330,6587,2.28541699633
2020-02-17,0,0,,,,,,,2204,1360,3001,6689,3966,9417,6685,3690,9588,2.28507389824
2020-02-18,0,0,,,,,,,2543,1569,3492,9232,5564,12883,9228,5259,13080,2.28465478925
2020-02-19,0,0,,,,,,,3024,1947,4075,12255,7543,16925,12252,7206,17155,2.28414207352
2020-02-20,0,0,,,,,,,3128,2016,4215,15283,9513,20983,15380,9222,21370,2.28351367462
2020-02-21,0,0,,,,,,,3557,2293,4723,18740,11775,25533,18937,11515,26093,2.2827425688
2020-02-22,0,0,,,,,,,4470,2937,5912,23109,14694,31261,23407,14452,32005,2.28179748403
2020-02-23,0,0,,,,,,,5305,3540,6952,28313,18242,38020,28712,17992,38957,2.28063927147
2020-02-24,0,0,,,,,,,6351,4271,8406,34416,22451,46003,35063,22263,47363,2.27921882305
2020-02-25,0,0,,,,,,,9523,6138,12420,43691,28544,57828,44586,28401,59783,2.27747550266
2020-02-26,0,0,,,,,,,11378,7529,14917,54821,35977,72288,55964,35930,74700,2.27533433616
2020-02-27,0,0,,,,,,,12308,8088,16267,66880,43947,88116,68272,44018,90967,2.27270351093
2020-02-28,0,0,,,,,,,14571,9563,19451,81054,53303,106890,82843,53581,110418,2.26946950762
2020-02-29,1,1,,,,,,,17234,11016,23403,97737,64011,129336,100077,64597,133821,2.26549145196
2020-03-01,0,1,,,,,,,21955,13821,30264,118944,77439,158330,122032,78418,164085,2.26059464172
2020-03-02,5,6,,,,,,,26997,16958,37582,144548,93672,193880,149029,95376,201667,2.25456252916
2020-03-03,1,7,,,,,,,32724,20518,45883,175068,112895,236661,181753,115894,247550,2.24712697538
2020-03-04,4,11,,,,,,,39273,24279,55346,211798,135667,288424,221026,140173,302896,2.23795586296
2020-03-05,1,12,,,,,,,48146,29543,67807,256920,163335,352094,269172,169716,370703,2.22663820559
2020-03-06,2,14,,,,,,,58060,35126,82491,311851,196547,430324,327232,204842,453194,2.21266737025
2020-03-07,3,17,,,,,,,69402,41774,98708,377696,236124,524303,396634,246616,551902,2.19542355701
2020-03-08,4,21,,,,,,,82179,49972,117105,455405,283215,635566,478813,296588,669007,2.17415872697
2020-03-09,1,22,,,,,,,96493,59655,138803,546593,339351,767526,575306,356243,807810,2.14799036734
2020-03-10,6,28,,,,,,,112666,71258,162635,652908,406314,921892,687972,427501,970445,2.11591572632
2020-03-11,5,33,,,,,,,129000,82783,184009,772386,483015,1093487,816972,510284,1154454,2.07686376692
2020-03-12,10,43,,,,,,,145148,96455,200465,906156,571902,1279092,962120,606739,1354919,2.02980433763
2020-03-13,9,52,,,,,,,160755,106591,216780,1054603,670333,1479607,1122875,713330,1571699,1.9739266647
2020-03-14,6,58,,,,,,,175139,122125,228863,1215171,782827,1688866,1298014,835455,1800562,1.90887577512
2020-03-15,12,70,,,,,,,188447,134877,252922,1386384,906681,1918328,1486461,970332,2053484,1.83499843621
2020-03-16,27,97,,,,,,,200272,146722,261376,1564700,1039748,2149319,1686733,1117054,2314860,1.7535179968
2020-03-17,34,131,,,,,,,210654,154790,274087,1748356,1177841,2385675,1897387,1271844,2588947,1.66655643663
2020-03-18,57,188,,,,,,,219731,163867,287380,1935364,1321524,2627004,2117118,1435711,2876327,1.57696230612
2020-03-19,76,264,,,,,,,227618,171137,298268,2123709,1468655,2869706,2344736,1606848,3174595,1.48796617974
2020-03-20,97,361,,,,,,,234509,178582,306112,2310073,1618006,3107744,2579245,1785430,3480707,1.40274040289
2020-03-21,94,455,,,,,,,240435,185914,312256,2492448,1769287,3337306,2819680,1971344,3792963,1.3239692652
2020-03-22,145,600,,,,,,,245451,190462,318832,2668497,1918347,3557276,3065131,2161806,4111795,1.25353420991
2020-03-23,183,783,,,,,,,249645,194304,324882,2835963,2063028,3764962,3314776,2356110,4436677,1.19238448086
2020-03-24,237,1020,,,,,,,253073,197627,325844,2992543,2201204,3951973,3567849,2553737,4762521,1.14060276348
2020-03-25,312,1332,,,,,,,255797,200651,328794,3135674,2330614,4118175,3823646,2754388,5091315,1.09761204046
2020-03-26,413,1745,,,,,,,257849,203540,330494,3264523,2451220,4264753,4081495,2957928,5421809,1.06243619884
2020-03-27,552,2297,,,,,,,259246,205480,330617,3378621,2560082,4394880,4340741,3163408,5752426,1.03393617126
2020-03-28,634,2931,,,,,,,260011,207024,329517,3477877,2660149,4507544,4600752,3370432,6081943,1.01097965344
2020-03-29,627,3558,,,,,,,260184,207622,327972,3562922,2745606,4606557,4860936,3578054,6409915,0.992538902081
2020-03-30,820,4378,,,,,,,259758,208251,325118,3634234,2819049,4678824,5120694,3786305,6735033,0.977732082036
2020-03-31,1224,5602,,,,,,,258785,208129,323313,3692747,2880751,4740764,5379479,3994434,7058346,0.96582888146
2020-04-01,1241,6843,,,,,,,257301,208226,321061,3739394,2934560,4787880,5636780,4202660,7379407,0.956237609703
2020-04-02,1586,8429,,,,,,,255352,206950,317353,3775015,2977871,4818017,5892132,4409610,7696760,0.948485092044
2020-04-03,1315,9744,,,,,,,252984,204486,312810,3800382,3011031,4832657,6145116,4614096,8009570,0.942195619756
2020-04-04,1284,11028,,,,,,,250243,202705,308652,3816116,3034817,4835193,6395359,4816801,8318222,0.937071853917
2020-04-05,1439,12467,,,,,,,247179,200003,304528,3822859,3048686,4827546,6642538,5016804,8622750,0.93287867861
2020-04-06,1668,14135,,,,,,,243842,197552,300372,3821251,3055456,4809190,6886380,5214356,8923122,0.929430059701
2020-04-07,2309,16444,,,,,,,240282,195049,295115,3811888,3055905,4779607,7126662,5409405,9218237,0.926578574115
2020-04-08,2116,18560,,,,,,,236545,191440,290128,3795360,3049335,4744028,7363207,5600845,9508365,0.924207161449
2020-04-09,2075,20635,,,,,,,232677,187889,285071,3772239,3036086,4700433,7595884,5788734,9793436,0.922222662054
2020-04-10,2093,22728,,,,,,,228718,184430,279903,3743108,3016496,4649957,7824602,5973164,10073339,0.920550764723
2020-04-11,2046,24774,,,,,,,224704,181011,274201,3708566,2991683,4593705,8049306,6154175,10347540,0.919132056068
2020-04-12,1774,26548,,,,,,,220660,177787,268813,3669214,2962231,4533162,8269966,6331962,10616353,0.917918927143
2020-04-13,1828,28376,,,,,,,216611,174531,263519,3625641,2929051,4468860,8486577,6506493,10879872,0.916873146195
2020-04-14,2404,30780,,,,,,,212574,171203,258743,3578457,2891990,4402600,8699151,6677696,11138615,0.915963949267
2020-04-15,2549,33329,,,,,,,208562,168121,254226,3528234,2852002,4333640,8907713,6845817,11392841,0.915020624458
2020-04-16,2113,35442,,,,,,,204588,165103,249291,3475520,2808873,4262055,9112301,7010920,11642132,0.914229222294
2020-04-17,2614,38056,,,,,,,200661,162158,244381,3420829,2764066,4189209,9312962,7173078,11886513,0.913569979991
2020-04-18,2386,40442,,,,,,,196789,159099,239651,3364635,2718681,4116122,9509751,7332177,12126164,0.91308206756
2020-04-19,1229,41671,,,,,,,192976,155900,234889,3307367,2671867,4042386,9702727,7488077,12361053,0.912699460765
2020-04-20,1795,43466,,,,,,,189225,152758,230168,3249413,2624630,3968045,9891952,7640835,12591221,0.912357500055
2020-04-21,2453,45919,,,,,,,185539,149674,225492,3191110,2576722,3893178,10077491,7790509,12816713,0.912054370396
2020-04-22,2393,48312,,,,,,,181921,146413,220935,3132749,2528006,3819006,10259412,7936922,13037648,0.911767962983
2020-04-23,2434,50746,,,,,,,178373,143201,216561,3074577,2479676,3745450,10437785,8080123,13254209,0.911512889353
2020-04-24,2118,52864,,,,,,,174895,140119,212588,3016795,2431847,3672972,10612680,8220242,13466797,0.911326546249
2020-04-25,1650,54514,,,,,,,171490,136896,208854,2959566,2384282,3601928,10784170,8357138,13675651,0.911209236305
2020-04-26,1293,55807,,,,,,,168162,133905,205221,2903024,2337158,3532959,10952332,8491043,13880872,0.911160534552
2020-04-27,1423,57230,,,,,,,164910,130866,201447,2847275,2290220,3465606,11117242,8621909,14082319,0.911168402699
2020-04-28,2221,59451,,,,,,,161739,128040,197897,2792402,2243707,3400001,11278981,8749949,14280216,0.911242616542
2020-04-29,2501,61952,,,,,,,158649,125305,194462,2738478,2197789,3335743,11437630,8875254,14474678,0.911394842127
2020-04-30,2301,64253,,,,,,,155646,122519,191158,2685563,2152167,3272698,11593276,8997773,14665836,0.911635333215
2020-05-01,1869,66122,,,,,,,152729,119878,187962,2633703,2106925,3211400,11746005,9117651,14853798,0.911986101387
2020-05-02,1556,67678,,,,,,,149898,117263,184843,2582940,2062012,3151894,11895903,9234914,15038641,0.912466492112
2020-05-03,1096,68774,,,,,,,147158,114833,181694,2533308,2017731,3093964,12043061,9349747,15220335,0.91309538548
2020-05-04,1309,70083,,,,,,,144513,112431,178584,2484846,1974250,3037674,12187574,9462178,15398919,0.913895223035
2020-05-05,2307,72390,,,,,,,141964,110131,175721,2437585,1931614,2983230,12329538,9572309,15574640,0.914890722505
2020-05-06,2458,74848,,,,,,,139514,108005,173024,2391560,1889937,2930759,12469052,9680314,15747664,0.916108475752
2020-05-07,1919,76767,,,,,,,137167,105956,170496,2346806,1849473,2880312,12606219,9786270,15918160,0.917575336973
2020-05-08,1727,78494,,,,,,,134928,104006,167958,2303361,1810281,2831698,12741147,9890276,16086118,0.919316978879
2020-05-09,1479,79973,,,,,,,132797,102101,165659,2261264,1772268,2784754,12873944,9992377,16251777,0.921356047937
2020-05-10,879,80852,,,,,,,130780,100204,163449,2220553,1735591,2739332,13004724,10092581,16415226,0.923710023166
2020-05-11,1013,81865,,,,,,,128879,98505,161421,2181271,1700203,2695510,13133603,10191086,16576647,0.926389004684
2020-05-12,1612,83477,,,,,,,127098,96961,159541,2143458,1666307,2653583,13260701,10288047,16736188,0.92939378782
2020-05-13,1754,85231,,,,,,,125439,95473,157678,2107158,1633748,2613348,13386140,10383520,16893866,0.932714674476
2020-05-14,1774,87005,,,,,,,123906,94139,155950,2072415,1602594,2574829,13510046,10477659,17049816,0.936331482515
2020-05-15,1661,88666,,,,,,,122501,92915,154353,2039270,1573003,2538018,13632547,10570574,17204169,0.940215089879
2020-05-16,1223,89889,,,,,,,121228,91721,152852,2007769,1544860,2502905,13753775,10662295,17357021,0.944330571341
2020-05-17,752,90641,,,,,,,120088,90626,151435,1977959,1518239,2469498,13873863,10752921,17508456,0.94864163084
2020-05-18,770,91411,,,,,,,119084,89740,150185,1949885,1493160,2437991,13992947,10842661,17658641,0.953115650249
2020-05-19,1551,92962,,,,,,,118220,88951,149175,1923592,1469690,2408585,14111167,10931612,17807816,0.957728429439
2020-05-20,1563,94525,,,,,,,117498,88273,148431,1899127,1447841,2381297,14228665,11019885,17956247,0.962467701723
2020-05-21,1228,95753,,,,,,,116922,87768,147839,1876534,1427614,2356116,14345587,11107653,18104086,0.967334692634
2020-05-22,1269,97022,,,,,,,116496,87423,147446,1855863,1409094,2333070,14462083,11195076,18251532,0.972343352368
2020-05-23,1121,98143,,,,,,,116224,87169,147235,1837159,1392272,2312347,14578307,11282245,18398767,0.977517290358
2020-05-24,608,98751,,,,,,,116111,87064,147219,1820473,1377252,2293905,14694418,11369309,18545986,0.982884794891
2020-05-25,513,99264,,,,,,,116164,87074,147310,1805857,1364143,2277765,14810582,11456383,18693296,0.988472594815
2020-05-26,685,99949,,,,,,,116390,87234,147603,1793368,1352896,2263939,14926972,11543617,18840899,0.994299211425
2020-05-27,1509,101458,,,,,,,116793,87527,148146,1783064,1343481,2252532,15043765,11631144,18989045,1.00036887199
2020-05-28,1182,102640,,,,,,,117368,88033,148816,1774993,1336060,2243657,15161133,11719177,19137861,1.00666699502
2020-05-29,1166,103806,,,,,,,118128,88522,149602,1769215,1330463,2237296,15279261,11807699,19287463,1.01315815847
2020-05-30,964,104770,,,,,,,119078,89227,150841,1765792,1326796,2233766,15398339,11896926,19438304,1.01978716694
2020-05-31,591,105361,,,,,,,120225,90118,152366,1764789,1325214,2233258,15518564,11987044,19590670,1.02648332581
2020-06-01,772,106133,,,,,,,121562,91168,154035,1766264,1325779,2235835,15640126,12078212,19744705,1.03316738565
2020-06-02,1033,107166,,,,,,,123100,92277,156110,1770279,1328339,2241732,15763226,12170489,19900815,1.03976001008
2020-06-03,990,108156,,,,,,,124841,93431,158273,1776901,1332839,2250797,15888067,12263920,20059088,1.04619024686
2020-06-04,1009,109165,,,,,,,126778,94847,160715,1786181,1339436,2263045,16014845,12358767,20219803,1.05240248522
2020-06-05,970,110135,,,,,,,128922,96365,163366,1798180,1348057,2278534,16143767,12455132,20383169,1.05836075998
2020-06-06,680,110815,,,,,,,131274,97850,166405,1812958,1358512,2297452,16275041,12552982,20549574,1.06404987617
2020-06-07,451,111266,,,,,,,133832,99490,169955,1830566,1370860,2320121,16408873,12652472,20719529,1.06947347066
2020-06-08,505,111771,,,,,,,136591,101361,173813,1851046,1385184,2346673,16545464,12753833,20893342,1.07464963087
2020-06-09,940,112711,,,,,,,139558,103382,178065,1874440,1401525,2377393,16685022,12857215,21071407,1.07960497755
2020-06-10,917,113628,,,,,,,142740,105269,182688,1900790,1419602,2412450,16827762,12962484,21254095,1.08436820641
2020-06-11,881,114509,,,,,,,146134,107328,187618,1930131,1439449,2451902,16973896,13069812,21441713,1.08896403329
2020-06-12,822,115331,,,,,,,149701,109470,192791,1962464,1460936,2495872,17123597,13179282,21634504,1.09340835512
2020-06-13,750,116081,,,,,,,153389,111443,198329,1997725,1483907,2544610,17276986,13290725,21832833,1.09770524437
2020-06-14,298,116379,,,,,,,157280,113660,204227,2035926,1508379,2598010,17434266,13404385,22037060,1.10184613037
2020-06-15,391,116770,,,,,,,161368,115601,210401,2077069,1533897,2656065,17595634,13519986,22247461,1.10581118405
2020-06-16,839,117609,,,,,,,165538,117768,216523,2121044,1560526,2718590,17761172,13637754,22463984,1.1081261646
2020-06-17,751,118360,,,,,,,169792,119856,223162,2167736,1588126,2785679,17930964,13757610,22687146,1.11021317234
2020-06-18,704,119064,,,,,,,174184,122026,229907,2217079,1616729,2857356,18105148,13879636,22917053,1.11204233345
2020-06-19,672,119736,,,,,,,178689,124273,237019,2268990,1646156,2933709,18283837,14003909,23154072,1.11358839669
2020-06-20,610,120346,,,,,,,183312,126407,244359,2323380,1676192,3014751,18467149,14130316,23398431,1.11483419877
2020-06-21,255,120601,,,,,,,188021,128682,252032,2380127,1707018,3100423,18655170,14258998,23650463,1.11577210401
2020-06-22,406,121007,,,,,,,192791,130866,259746,2439086,1738384,3190250,18847961,14389864,23910209,1.11640405228
2020-06-23,837,121844,,,,,,,197627,133091,267821,2500123,1770091,3284296,19045588,14522955,24178030,1.11674047155
2020-06-24,757,122601,,,,,,,202530,135050,275961,2563095,1801732,3382222,19248118,14658005,24453991,1.11679840313
2020-06-25,2422,125023,,,,,,,207496,137108,284330,2627852,1833542,3483887,19455614,14795113,24738321,1.11659948023
2020-06-26,605,125628,,,,,,,212481,139054,292615,2694199,1865239,3588899,19668095,14934167,25030936,1.11616799445
2020-06-27,489,126117,,,,,,,217499,141057,300915,2761996,1896796,3697033,19885594,15075224,25331851,1.11552920574
2020-06-28,240,126357,,,,,,,222543,143000,309771,2831150,1928326,3808488,20108137,15218224,25641622,1.11470803813
2020-06-29,351,126708,,,,,,,227606,144929,318706,2901477,1959562,3922977,20335743,15363153,25960328,1.1137281207
2020-06-30,721,127429,,,,,,,232644,146861,328024,2972753,1990783,4040609,20568387,15510014,26288352,1.11261118751
2020-07-01,673,128102,,,,,,,237677,148513,337261,3044892,2021491,4161352,20806064,15658527,26625613,1.10942683873
2020-07-02,698,128800,,,,,,,242613,150166,346543,3117713,2051765,4284735,21048677,15808693,26972156,1.106188248
2020-07-03,639,129439,,,,,,,247522,151615,355462,3191051,2081315,4410288,21296199,15960308,27327618,1.10290114626
2020-07-04,247,129686,,,,,,,252390,153137,364660,3264753,2110140,4537925,21548589,16113445,27692278,1.09956978758
2020-07-05,271,129957,,,,,,,257203,154507,374017,3338644,2138199,4667582,21805792,16267952,28066295,1.09622766983
2020-07-06,325,130282,,,,,,,261935,155714,383504,3412558,2165187,4799058,22067727,16423666,28449799,1.09293533002
2020-07-07,1195,131477,,,,,,,266540,156887,392922,3486307,2191166,4932238,22334267,16580553,28842721,1.08964377388
2020-07-08,820,132297,,,,,,,271054,157867,402210,3559733,2215900,5066634,22605321,16738420,29244931,1.08637312318
2020-07-09,990,133287,,,,,,,275472,158938,411709,3632675,2239755,5202386,22880793,16897358,29656640,1.08313054244
2020-07-10,802,134089,,,,,,,279748,159836,421045,3704927,2262453,5339106,23160541,17057194,30077685,1.07993039048
2020-07-11,685,134774,,,,,,,283903,160625,430833,3776349,2283997,5477333,23444444,17217819,30508518,1.07677878828
2020-07-12,,,648,437,882,135422,135211,135656,287921,161343,440492,3846771,2304259,5616914,23732365,17379162,30949010,
2020-07-13,,,655,439,895,136076,135651,136550,291776,161863,449434,3916005,2323098,5756581,24024141,17541025,31398444,
2020-07-14,,,662,442,910,136739,136093,137459,295484,162382,458473,3983882,2340533,5896347,24319625,17703407,31856917,
2020-07-15,,,670,444,924,137409,136538,138383,299027,162951,467426,4050266,2356613,6035744,24618652,17866358,32324343,
2020-07-16,,,678,446,939,138087,136984,139321,302408,163269,475940,4114997,2371363,6174416,24921060,18029627,32800283,
2020-07-17,,,686,448,955,138774,137433,140276,305529,163462,484396,4177913,2384653,6312257,25226589,18193089,33284679,
2020-07-18,,,695,450,971,139469,137884,141246,308476,163428,492558,4238866,2396460,6449345,25535065,18356517,33777237,
2020-07-19,,,704,452,988,140173,138337,142233,311243,163340,501050,4297719,2406657,6585723,25846308,18519857,34278287,
2020-07-20,,,713,454,1006,140887,138792,143238,313816,163124,509127,4354332,2415271,6720816,26160124,18682981,34787414,
2020-07-21,,,723,457,1024,141609,139250,144262,316185,162773,517900,4408582,2422326,6855195,26476309,18845754,35305314,
2020-07-22,,,732,459,1044,142342,139710,145305,318328,162272,526668,4460370,2427708,6988914,26794637,19008026,35831982,
2020-07-23,,,741,461,1063,143083,140172,146368,320262,161745,534716,4509578,2431584,7121388,27114899,19169771,36366698,
2020-07-24,,,750,462,1082,143833,140635,147449,321975,160979,541864,4556081,2433629,7251512,27436874,19330750,36908562,
2020-07-25,,,759,463,1101,144593,141100,148548,323481,160183,548465,4599814,2433983,7378906,27760355,19490933,37457027,
2020-07-26,,,771,466,1124,145364,141567,149672,324774,159504,555303,4640685,2432868,7503356,28085129,19650437,38012330,
2020-07-27,,,783,468,1149,146146,142037,150819,325850,158551,561493,4678614,2430082,7624333,28410979,19808988,38573823,
2020-07-28,,,795,471,1174,146941,142509,151992,326710,157617,567259,4713547,2425837,7742133,28737689,19966605,39141082,
2020-07-29,,,806,473,1200,147748,142983,153191,327355,156602,573064,4745418,2420056,7856693,29065044,20123207,39714146,
2020-07-30,,,818,475,1224,148566,143460,154414,327792,155717,579306,4774184,2412818,7968549,29392836,20278924,40293452,
2020-07-31,,,829,477,1250,149394,143938,155663,328024,154799,585550,4799799,2404339,8078141,29720860,20433723,40879002,
2020-08-01,,,840,478,1275,150234,144418,156938,328053,153778,590506,4822323,2394648,8184245,30048913,20587501,41469508,
2020-08-02,,,850,480,1301,151084,144899,158238,327878,152563,595806,4841726,2383778,8287484,30376791,20740064,42065314,
2020-08-03,,,860,481,1325,151944,145381,159562,327505,151477,599345,4857988,2371911,8385780,30704296,20891541,42664659,
2020-08-04,,,870,481,1349,152814,145864,160910,326937,150268,601894,4871109,2359049,8478564,31031233,21041809,43266553,
2020-08-05,,,879,482,1373,153692,146347,162282,326181,148896,604526,4881105,2345166,8565203,31357414,21190705,43871079,
2020-08-06,,,887,483,1396,154580,146831,163677,325241,147405,606432,4888018,2330293,8644967,31682655,21338110,44477511,
2020-08-07,,,896,483,1418,155475,147315,165094,324124,145909,608065,4891880,2314454,8718313,32006779,21484019,45085576,
2020-08-08,,,903,482,1440,156378,147799,166533,322833,144433,609333,4892738,2297904,8785780,32329612,21628452,45694909,
2020-08-09,,,910,481,1463,157289,148281,167995,321379,142831,610502,4890636,2280548,8847812,32650991,21771283,46305411,
2020-08-10,,,916,480,1484,158205,148762,169478,319764,141302,611268,4885625,2262341,8903774,32970755,21912585,46916679,
2020-08-11,,,922,479,1506,159127,149242,170982,317994,139714,611285,4877770,2243500,8953562,33288749,22052299,47527964,
2020-08-12,,,927,477,1529,160055,149720,172510,316074,138050,611154,4867135,2223931,8997450,33604823,22190349,48139118,
2020-08-13,,,932,474,1550,160987,150196,174058,314014,136576,610563,4853794,2203903,9034939,33918837,22326925,48749681,
2020-08-14,,,936,472,1571,161923,150669,175627,311818,135049,610969,4837820,2183230,9066585,34230655,22461974,49360650,
2020-08-15,,,940,469,1588,162863,151140,177214,309493,133419,610167,4819289,2161846,9091189,34540148,22595393,49970817,
2020-08-16,,,943,467,1605,163806,151608,178818,307042,131841,608858,4798278,2139905,9109523,34847190,22727234,50579675,
2020-08-17,,,946,464,1623,164752,152073,180439,304472,130264,607111,4774872,2117606,9120822,35151662,22857498,51186786,
2020-08-18,,,948,461,1638,165699,152535,182075,301790,128693,604920,4749157,2094819,9126392,35453452,22986191,51791706,
2020-08-19,,,949,457,1654,166649,152994,183726,299002,127199,602065,4721222,2071747,9126561,35752454,23113390,52393771,
2020-08-20,,,951,454,1670,167599,153449,185394,296113,125732,599432,4691155,2048578,9121471,36048567,23239122,52993203,
2020-08-21,,,951,451,1688,168551,153901,187080,293130,124162,595857,4659044,2025331,9110897,36341697,23363284,53589060,
2020-08-22,,,952,448,1703,169502,154351,188780,290057,122628,592392,4624976,2002047,9095226,36631754,23485912,54181452,
2020-08-23,,,951,445,1719,170454,154797,190497,286901,121135,587638,4589044,1978749,9073540,36918655,23607047,54769090,
2020-08-24,,,951,442,1732,171405,155240,192227,284045,119740,582964,4551710,1955660,9046004,37202700,23726787,55352054,
2020-08-25,,,950,439,1741,172355,155680,193965,281112,118302,577554,4513059,1932665,9012286,37483812,23845089,55929608,
2020-08-26,,,948,435,1749,173303,156117,195712,278124,116867,573735,4473188,1909825,8974735,37761936,23961956,56503343,
2020-08-27,,,946,431,1756,174249,156550,197466,275105,115507,570022,4432219,1887291,8933594,38037041,24077463,57073365,
2020-08-28,,,944,427,1762,175193,156978,199226,272097,114172,566685,4390302,1864894,8889703,38309138,24191635,57640050,
2020-08-29,,,941,423,1767,176134,157403,200990,269145,112915,562670,4347628,1842768,8841387,38578283,24304550,58202720,
2020-08-30,,,937,419,1771,177071,157823,202759,266220,111739,558892,4304355,1821097,8790096,38844503,24416289,58761612,
2020-08-31,,,933,414,1774,178004,158239,204530,263306,110533,555097,4260620,1799796,8736320,39107809,24526822,59316709,
2020-09-01,,,929,410,1777,178933,158650,206304,260404,109364,550811,4216552,1778904,8680013,39368213,24636186,59867520,
2020-09-02,,,924,405,1777,179856,159057,208078,257519,108224,546586,4172281,1758443,8621683,39625732,24744410,60414106,
2020-09-03,,,918,401,1776,180774,159459,209852,254665,107282,542202,4127944,1738531,8561833,39880397,24851692,60956308,
2020-09-04,,,912,396,1775,181687,159856,211624,251848,106218,537351,4083679,1719019,8499770,40132245,24957910,61493659,
2020-09-05,,,906,392,1776,182593,160249,213397,249063,105101,532800,4039612,1699961,8436727,40381308,25063011,62026459,
2020-09-06,,,900,387,1774,183493,160638,215168,246314,103981,528842,3995869,1681316,8373192,40627622,25166992,62555301,
2020-09-07,,,893,383,1770,184385,161022,216934,243601,103035,525392,3952569,1663213,8310946,40871223,25270027,63080693,
2020-09-08,,,885,378,1762,185271,161402,218693,240926,102149,521218,3909450,1645619,8249182,41112149,25372176,63601911,
2020-09-09,,,878,374,1758,186149,161777,220449,238295,101232,517411,3866633,1628544,8189008,41350444,25473408,64119322,
2020-09-10,,,870,369,1750,187019,162148,222195,235714,100218,513941,3824223,1611892,8129170,41586158,25573626,64633263,
2020-09-11,,,862,365,1743,187881,162514,223934,233178,99252,509701,3782296,1595635,8068799,41819336,25672878,65142964,
2020-09-12,,,854,361,1735,188735,162877,225666,230691,98438,503755,3740890,1579895,8005826,42050027,25771316,65646719,
2020-09-13,,,846,357,1725,189581,163235,227388,228255,97578,498864,3700000,1564552,7941971,42278282,25868894,66145583,
2020-09-14,,,837,353,1712,190419,163589,229096,225872,96684,492564,3659652,1549489,7875568,42504154,25965578,66638147,
2020-09-15,,,829,348,1698,191248,163939,230790,223544,95847,487663,3619890,1534795,7808068,42727698,26061425,67125810,
2020-09-16,,,820,344,1688,192068,164284,232474,221273,95045,481822,3580758,1520467,7739028,42948971,26156470,67607632,
2020-09-17,,,812,340,1675,192880,164626,234145,219059,94210,476033,3542298,1506444,7668430,43168030,26250680,68083665,
2020-09-18,,,803,336,1662,193683,164963,235804,216907,93532,470180,3504540,1492685,7596376,43384937,26344212,68553845,
2020-09-19,,,795,332,1652,194478,165297,237452,214815,92858,464756,3467507,1479318,7523760,43599752,26437070,69018601,
2020-09-20,,,786,328,1642,195264,165627,239089,212785,92121,458872,3431229,1466331,7449832,43812537,26529191,69477473,
2020-09-21,,,778,325,1630,196041,165954,240715,210820,91319,452674,3395735,1453663,7373680,44023357,26620510,69930147,
2020-09-22,,,769,322,1619,196811,166277,242330,208922,90678,446391,3361057,1441297,7294686,44232279,26711188,70376538,
2020-09-23,,,761,318,1607,197571,166597,243932,207093,89770,442316,3327223,1428912,7215805,44439372,26800958,70818854,
2020-09-24,,,752,315,1595,198324,166913,245523,205333,89071,438155,3294261,1416745,7136562,44644705,26890029,71257009,
2020-09-25,,,744,312,1582,199068,167227,247100,203645,88443,434214,3262192,1404966,7056825,44848350,26978472,71691223,
2020-09-26,,,736,309,1569,199804,167538,248665,202029,87715,431346,3231043,1393426,6978463,45050379,27066187,72122569,
2020-09-27,,,728,305,1556,200532,167845,250217,200487,87026,428280,3200839,1382010,6902994,45250866,27153213,72550849,
2020-09-28,,,720,302,1545,201252,168149,251757,199018,86294,424890,3171602,1370727,6829011,45449884,27239507,72975739,
2020-09-29,,,712,300,1536,201965,168451,253289,197626,85606,422348,3143356,1359651,6758758,45647510,27325113,73398087,
2020-09-30,,,705,297,1524,202669,168750,254808,196311,84873,419664,3116122,1348679,6690723,45843821,27409986,73817751,
2020-10-01,,,697,294,1513,203366,169046,256316,195072,84253,417563,3089922,1337889,6626408,46038893,27494239,74235314,
2020-10-02,,,689,291,1504,204056,169340,257815,193909,83475,414899,3064772,1327156,6565205,46232802,27577714,74650213,
2020-10-03,,,682,289,1490,204738,169631,259300,192821,82875,413665,3040687,1316500,6508648,46425623,27660589,75063878,
2020-10-04,,,675,286,1474,205413,169919,260769,191811,82266,411299,3017682,1305908,6455181,46617434,27742855,75475177,
2020-10-05,,,668,284,1460,206081,170205,262224,190875,81604,408627,2995772,1295393,6404916,46808309,27824459,75883804,
2020-10-06,,,661,281,1442,206742,170488,263661,190017,81005,405025,2974969,1285084,6357229,46998326,27905464,76288829,
2020-10-07,,,654,279,1428,207396,170769,265084,189232,80406,405361,2955278,1274815,6316202,47187558,27985870,76694190,
2020-10-08,,,648,276,1411,208043,171047,266489,188520,79616,406583,2936706,1264664,6280499,47376078,28065486,77100773,
2020-10-09,,,641,274,1395,208685,171324,267878,187878,78897,405433,2919251,1254488,6247777,47563956,28144383,77506206,
2020-10-10,,,635,272,1378,209320,171598,269250,187308,78099,404261,2902915,1244139,6217781,47751264,28222482,77910467,
2020-10-11,,,629,270,1361,209949,171870,270606,186810,77303,405714,2887696,1233721,6192141,47938074,28299785,78316181,
2020-10-12,,,623,267,1345,210572,172140,271944,186378,76490,406493,2873587,1223177,6170387,48124452,28376275,78722674,
2020-10-13,,,617,265,1327,211189,172407,273265,186012,75892,404916,2860581,1212769,6150428,48310464,28452167,79127590,
2020-10-14,,,612,263,1309,211801,172673,274568,185713,75228,404711,2848668,1202385,6132808,48496177,28527395,79532301,
2020-10-15,,,607,261,1295,212408,172937,275857,185480,74669,405463,2837837,1192174,6118606,48681657,28602064,79937764,
2020-10-16,,,602,259,1286,213009,173198,277137,185308,74098,404210,2828073,1182016,6105218,48866965,28676162,80341974,
2020-10-17,,,597,257,1276,213606,173457,278406,185201,73550,404185,2819365,1172088,6094492,49052166,28749712,80746159,
2020-10-18,,,592,255,1267,214198,173714,279666,185154,72742,404594,2811698,1161953,6085468,49237320,28822454,81150753,
2020-10-19,,,587,253,1257,214785,173970,280916,185167,72009,405161,2805055,1151692,6079372,49422487,28894463,81555914,
2020-10-20,,,583,251,1249,215368,174223,282158,185237,71298,405832,2799416,1141389,6076599,49607724,28965761,81961746,
2020-10-21,,,579,249,1241,215948,174474,283391,185364,70595,406032,2794763,1130985,6077626,49793088,29036356,82367778,
2020-10-22,,,575,246,1233,216523,174723,284617,185548,69910,406343,2791080,1120495,6078663,49978636,29106266,82774121,
2020-10-23,,,572,245,1227,217095,174970,285837,185787,69365,408439,2788346,1110250,6080613,50164423,29175631,83182560,
2020-10-24,,,568,242,1220,217663,175215,287049,186079,68768,411192,2786547,1100124,6086456,50350502,29244399,83593752,
2020-10-25,,,565,241,1216,218228,175459,288257,186422,68088,413728,2785660,1090112,6095993,50536924,29312487,84007480,
2020-10-26,,,562,239,1211,218790,175701,289459,186813,67535,415978,2785664,1080344,6106339,50723737,29380022,84423458,
2020-10-27,,,559,237,1203,219350,175941,290653,187256,66869,418619,2786541,1070721,6118551,50910993,29446891,84842077,
2020-10-28,,,557,235,1191,219906,176179,291835,187746,66305,421411,2788275,1061131,6135106,51098739,29513196,85263488,
2020-10-29,,,555,234,1193,220461,176415,293019,188283,65558,424586,2790845,1051460,6155023,51287022,29578754,85688074,
2020-10-30,,,552,231,1196,221013,176649,294205,188866,64814,427340,2794232,1041603,6176920,51475888,29643568,86115414,
2020-10-31,,,551,229,1193,221564,176882,295389,189494,64219,429684,2798418,1031720,6202396,51665382,29707787,86545098,
2020-11-01,,,549,227,1191,222113,177112,296570,190166,63596,432099,2803382,1021762,6230315,51855548,29771383,86977197,
