date,actual_deaths,total_deaths,predicted_deaths_mean,predicted_deaths_lower,predicted_deaths_upper,predicted_total_deaths_mean,predicted_total_deaths_lower,predicted_total_deaths_upper,predicted_new_infected_mean,predicted_new_infected_lower,predicted_new_infected_upper,predicted_current_infected_mean,predicted_current_infected_lower,predicted_current_infected_upper,predicted_total_infected_mean,predicted_total_infected_lower,predicted_total_infected_upper,r_values_mean
2020-02-05,0,0,,,,,,,114,50,150,114,50,150,114,50,150,2.29795065524
2020-02-06,0,0,,,,,,,114,50,150,228,99,300,228,100,300,2.29775007943
2020-02-07,0,0,,,,,,,114,50,150,342,150,450,342,150,450,2.29770565612
2020-02-08,0,0,,,,,,,114,50,150,455,199,600,456,200,600,2.29765138986
2020-02-09,0,0,,,,,,,271,114,386,726,332,968,727,314,986,2.29758509768
2020-02-10,0,0,,,,,,,271,114,386,997,452,1348,998,428,1372,2.29750411147
2020-02-11,0,0,,,,,,,271,114,386,1267,570,1730,1269,542,1758,2.29740516966
2020-02-12,0,0,,,,,,,271,114,386,1538,687,2113,1540,656,2144,2.2972842845
2020-02-13,0,0,,,,,,,443,190,610,1982,899,2701,1983,846,2754,2.29713657919
2020-02-14,0,0,,,,,,,631,298,867,2613,1204,3561,2614,1144,3621,2.29693792616
2020-02-15,0,0,,,,,,,873,450,1165,3486,1694,4723,3487,1594,4786,2.29671508077
2020-02-16,0,0,,,,,,,1536,833,1969,5022,2631,6687,5023,2427,6755,2.29643800228
2020-02-17,0,0,,,,,,,2549,1531,3215,7571,4303,9899,7572,3958,9970,2.29610098237
2020-02-18,0,0,,,,,,,2936,1783,3810,10506,6125,13705,10508,5741,13780,2.29569000654
2020-02-19,0,0,,,,,,,3480,2221,4478,13986,8394,18173,13988,7962,18258,2.29518802405
2020-02-20,0,0,,,,,,,3609,2310,4664,17481,10665,22690,17597,10272,22922,2.29457357261
2020-02-21,0,0,,,,,,,4084,2669,5297,21452,13329,27838,21681,12941,28219,2.29382042975
2020-02-22,0,0,,,,,,,5089,3354,6585,26427,16675,34247,26770,16295,34804,2.29289868511
2020-02-23,0,0,,,,,,,6054,4057,7810,32368,20768,41888,32824,20352,42614,2.29177071183
2020-02-24,0,0,,,,,,,7367,4971,9504,39464,25693,50962,40191,25323,52118,2.29038901014
2020-02-25,0,0,,,,,,,10882,7080,13812,50076,32777,64273,51073,32403,65930,2.2886946746
2020-02-26,0,0,,,,,,,13347,8724,16962,63152,41416,80712,64420,41127,82892,2.28661437008
2020-02-27,0,0,,,,,,,14522,9417,18577,77404,50725,98831,78942,50544,101469,2.28405758436
2020-02-28,0,0,,,,,,,17419,11184,22365,94380,61712,120475,96361,61728,123834,2.28091084333
2020-02-29,1,1,,,,,,,20814,12957,26962,114563,74374,146449,117175,74685,150796,2.27703058369
2020-03-01,0,1,,,,,,,26748,16242,34864,140437,90218,179968,143923,90927,185660,2.27223429422
2020-03-02,5,6,,,,,,,33193,19959,43633,172095,109438,221469,177116,110886,229293,2.2662885425
2020-03-03,1,7,,,,,,,40802,24372,54036,210348,132365,272111,217918,135258,283329,2.25889290422
2020-03-04,4,11,,,,,,,49658,29200,66466,257071,159880,334606,267576,164458,349795,2.24965767386
2020-03-05,1,12,,,,,,,61559,35974,83321,315150,193747,413286,329135,200432,433116,2.23807435675
2020-03-06,2,14,,,,,,,75028,43299,102869,386569,234853,511316,404163,243731,535985,2.22347881876
2020-03-07,3,17,,,,,,,90665,51830,125366,473150,284091,631199,494828,295561,661351,2.20500906672
2020-03-08,4,21,,,,,,,108487,62020,150687,576548,342798,775200,603315,357581,812038,2.18156588533
2020-03-09,1,22,,,,,,,128580,74326,179123,699074,413049,946477,731895,431907,991161,2.15179574702
2020-03-10,6,28,,,,,,,151093,89028,208975,842800,497012,1145970,882988,520935,1200136,2.11413203249
2020-03-11,5,33,,,,,,,173876,104838,237156,1005794,594810,1369295,1056864,625773,1437292,2.06694404877
2020-03-12,10,43,,,,,,,196163,122676,262470,1188609,708664,1614797,1253027,748449,1699762,2.00883294254
2020-03-13,9,52,,,,,,,217350,142013,290216,1391437,841140,1886357,1470377,890462,1989978,1.93905498309
2020-03-14,6,58,,,,,,,236358,155978,316907,1610376,985854,2180787,1706735,1046440,2306885,1.85795302324
2020-03-15,12,70,,,,,,,253123,168214,340405,1842684,1141110,2494087,1959858,1214654,2647290,1.76720924366
2020-03-16,27,97,,,,,,,267015,179746,361423,2082952,1304634,2820457,2226873,1394400,3008713,1.66978087792
2020-03-17,34,131,,,,,,,278090,188784,375633,2327849,1473518,3152249,2504963,1583184,3384346,1.5695243904
2020-03-18,57,188,,,,,,,286671,197599,379944,2573717,1646846,3477909,2791634,1780783,3764290,1.47063591085
2020-03-19,76,264,,,,,,,293066,204751,388044,2817126,1822571,3799240,3084700,1985534,4152334,1.37706422008
2020-03-20,97,361,,,,,,,297702,211369,389474,3053268,1998292,4105147,3382402,2196903,4541808,1.29201150699
2020-03-21,94,455,,,,,,,300769,217514,394362,3279009,2172959,4396419,3683171,2414417,4936170,1.21759029849
2020-03-22,145,600,,,,,,,302488,222935,398441,3490832,2344614,4669365,3985659,2637352,5334611,1.1546858858
2020-03-23,183,783,,,,,,,303134,227608,394219,3685479,2510803,4912677,4288793,2864960,5728830,1.1030537963
2020-03-24,237,1020,,,,,,,302889,231073,390416,3859788,2668168,5123637,4591682,3096033,6119246,1.06161926465
2020-03-25,312,1332,,,,,,,301911,233668,386349,4010605,2813473,5300657,4893593,3329701,6505595,1.02886617966
2020-03-26,413,1745,,,,,,,300293,234427,381713,4137022,2943845,5444947,5193886,3564128,6887308,1.0031828412
2020-03-27,552,2297,,,,,,,298100,234921,377450,4238959,3056995,5559756,5491986,3799049,7264758,0.983087952154
2020-03-28,634,2931,,,,,,,295396,235697,373823,4317005,3151560,5643258,5787382,4034746,7638581,0.967333812976
2020-03-29,627,3558,,,,,,,292265,235293,368540,4372913,3231539,5694897,6079647,4270039,8007121,0.954924033895
2020-03-30,820,4378,,,,,,,288690,234579,360699,4408479,3298430,5715278,6368337,4504618,8367820,0.945087213022
2020-03-31,1224,5602,,,,,,,284748,233634,353547,4426212,3352404,5707549,6653085,4738252,8721367,0.93723555169
2020-04-01,1241,6843,,,,,,,280484,231212,345940,4428606,3394597,5678000,6933569,4969464,9067307,0.930923723935
2020-04-02,1586,8429,,,,,,,275943,227744,336778,4417878,3424220,5634792,7209512,5197208,9404085,0.925814073199
2020-04-03,1315,9744,,,,,,,271166,224843,330408,4395978,3443744,5577449,7480678,5422051,9734493,0.921649359372
2020-04-04,1284,11028,,,,,,,266191,220564,325017,4364467,3452088,5513407,7746869,5642615,10059510,0.91823225528
2020-04-05,1439,12467,,,,,,,261057,215787,318008,4324756,3449444,5437688,8007926,5858402,10377518,0.915410218685
2020-04-06,1668,14135,,,,,,,255808,210957,311425,4278076,3436441,5351463,8263734,6069359,10688943,0.913064409261
2020-04-07,2309,16444,,,,,,,250482,206051,303384,4225424,3413787,5261037,8514216,6275410,10992327,0.911101562959
2020-04-08,2116,18560,,,,,,,245121,201428,297456,4167655,3383131,5168315,8759337,6476838,11289783,0.909448001018
2020-04-09,2075,20635,,,,,,,239758,196541,291598,4105503,3345299,5073827,8999095,6673379,11581381,0.908045175598
2020-04-10,2093,22728,,,,,,,234423,191713,284420,4039633,3302199,4976722,9233518,6865092,11865801,0.906846325731
2020-04-11,2046,24774,,,,,,,229137,187004,278206,3970671,3254141,4877756,9462655,7052096,12144007,0.905813941632
2020-04-12,1774,26548,,,,,,,223919,182264,272373,3899193,3200669,4776612,9686574,7234360,12416380,0.904917823042
2020-04-13,1828,28376,,,,,,,218781,177693,267158,3825709,3143101,4675555,9905355,7412053,12683538,0.904133578587
2020-04-14,2404,30780,,,,,,,213732,173158,261612,3750752,3081718,4576598,10119087,7585211,12945150,0.90329290131
2020-04-15,2549,33329,,,,,,,208779,168811,256106,3674783,3016932,4479191,10327866,7754022,13201256,0.902504796572
2020-04-16,2113,35442,,,,,,,203922,164361,250703,3598221,2950048,4383906,10531788,7918383,13451959,0.901825489275
2020-04-17,2614,38056,,,,,,,199168,160237,245607,3521446,2882468,4292684,10730956,8078620,13697566,0.901271727889
2020-04-18,2386,40442,,,,,,,194516,156365,240664,3444795,2813834,4202851,10925472,8234985,13938230,0.900929546697
2020-04-19,1229,41671,,,,,,,189968,152367,235901,3368573,2745487,4113608,11115440,8387352,14174131,0.900610349266
2020-04-20,1795,43466,,,,,,,185524,148505,231145,3293039,2678037,4026612,11300964,8535857,14405276,0.900312996688
2020-04-21,2457,45923,,,,,,,181179,144526,226525,3218411,2611477,3941604,11482143,8680383,14631801,0.900037283116
2020-04-22,2389,48312,,,,,,,176941,140669,221910,3144870,2546023,3860150,11659084,8821052,14853711,0.8997590135
2020-04-23,2434,50746,,,,,,,172804,136790,217304,3072553,2481338,3780097,11831888,8957842,15071015,0.899504829813
2020-04-24,2118,52864,,,,,,,168764,132989,212600,3001559,2417759,3701188,12000652,9090831,15283615,0.899291197964
2020-04-25,1650,54514,,,,,,,164825,129356,208128,2931961,2355394,3625066,12165477,9220187,15491743,0.89911807671
2020-04-26,1293,55807,,,,,,,160986,125772,204183,2863811,2294174,3551200,12326463,9345959,15695926,0.899000045434
2020-04-27,1425,57232,,,,,,,157254,122104,200483,2797146,2234036,3479419,12483717,9468063,15896409,0.898926889277
2020-04-28,2219,59451,,,,,,,153627,118577,196865,2731991,2174949,3409202,12637344,9586640,16093274,0.898911035489
2020-04-29,2506,61957,,,,,,,150095,115268,193465,2668354,2117096,3341103,12787439,9701908,16286739,0.898967775772
2020-04-30,2296,64253,,,,,,,146667,112100,190054,2606242,2060412,3275107,12934106,9814008,16476793,0.899119776362
2020-05-01,1869,66122,,,,,,,143340,109013,186867,2545660,2005080,3211321,13077446,9923021,16663660,0.899396563667
2020-05-02,1556,67678,,,,,,,140113,105945,183701,2486605,1950796,3149452,13217559,10028966,16847361,0.899834444568
2020-05-03,1096,68774,,,,,,,136995,103030,180505,2429083,1897460,3089316,13354554,10131996,17027866,0.90048095694
2020-05-04,1309,70083,,,,,,,133991,100275,177380,2373105,1845361,3030804,13488545,10232271,17205246,0.90139811753
2020-05-05,2307,72390,,,,,,,131099,97484,174249,2318681,1794324,2973912,13619644,10329755,17379495,0.902664975246
2020-05-06,2458,74848,,,,,,,128328,94778,171323,2265830,1744549,2918711,13747972,10424533,17550818,0.9043807967
2020-05-07,1919,76767,,,,,,,125683,92220,168595,2214572,1696081,2865395,13873655,10516753,17719413,0.90666758961
2020-05-08,1727,78494,,,,,,,123181,89728,166002,2164948,1649006,2814091,13996836,10606481,17885415,0.909670761985
2020-05-09,1479,79973,,,,,,,120822,87376,163563,2117006,1603382,2765052,14117658,10693857,18048978,0.913555920326
2020-05-10,879,80852,,,,,,,118621,85293,161188,2070801,1559312,2718108,14236279,10779150,18210166,0.918498933419
2020-05-11,1013,81865,,,,,,,116591,83367,159001,2026407,1516902,2672920,14352870,10862517,18369167,0.924665881529
2020-05-12,1615,83480,,,,,,,114750,81688,157069,1983903,1476483,2629495,14467620,10944205,18526236,0.932180405625
2020-05-13,1751,85231,,,,,,,113113,80172,155284,1943389,1438077,2587903,14580733,11024377,18681520,0.941079818921
2020-05-14,1774,87005,,,,,,,111695,78814,153737,1904989,1401622,2548168,14692428,11103191,18835257,0.951269150717
2020-05-15,1661,88666,,,,,,,110511,77676,152418,1868833,1367199,2510535,14802939,11180867,18987675,0.962491946087
2020-05-16,1223,89889,,,,,,,109571,76813,151378,1835064,1335002,2475052,14912510,11257680,19139053,0.974340638233
2020-05-17,752,90641,,,,,,,108882,76205,150621,1803834,1305266,2441979,15021392,11333885,19289674,0.986318271971
2020-05-18,770,91411,,,,,,,108450,75841,150130,1775290,1278082,2411611,15129842,11409726,19439804,0.9979375906
2020-05-19,1551,92962,,,,,,,108278,75641,149859,1749577,1253458,2384096,15238120,11485367,19589663,1.00882036702
2020-05-20,1568,94530,,,,,,,108370,75687,149883,1726848,1231673,2359736,15346490,11561054,19739546,1.01875986793
2020-05-21,1223,95753,,,,,,,108728,76001,150218,1707248,1212912,2338639,15455218,11637055,19889764,1.02773225231
2020-05-22,1269,97022,,,,,,,109358,76592,150728,1690923,1197300,2320778,15564576,11713647,20040492,1.03586814923
2020-05-23,1121,98143,,,,,,,110269,77464,151623,1678011,1185051,2306401,15674845,11791111,20192115,1.04340617885
2020-05-24,608,98751,,,,,,,111466,78575,152662,1668655,1176266,2295498,15786311,11869686,20344777,1.05064547601
2020-05-25,513,99264,,,,,,,112963,79910,154004,1662998,1170902,2288306,15899274,11949596,20498781,1.05790387655
2020-05-26,685,99949,,,,,,,114775,81539,155634,1661181,1169094,2284926,16014049,12031135,20654415,1.0654802116
2020-05-27,1509,101458,,,,,,,116914,83504,157843,1663344,1170932,2285680,16130963,12114639,20812258,1.0736161017
2020-05-28,1182,102640,,,,,,,119395,85742,160206,1669626,1176523,2290579,16250358,12200381,20972464,1.08245503023
2020-05-29,1166,103806,,,,,,,122230,88290,162818,1680161,1186017,2299633,16372588,12288671,21135282,1.09200357462
2020-05-30,969,104775,,,,,,,125439,91165,166198,1695089,1199522,2313385,16498027,12379836,21301480,1.10210865055
2020-05-31,586,105361,,,,,,,129044,94489,170025,1714562,1217210,2332002,16627071,12474325,21471505,1.11246870362
2020-06-01,772,106133,,,,,,,133058,98138,174443,1738738,1239154,2355795,16760129,12572463,21645948,1.12268798779
2020-06-02,1033,107166,,,,,,,137503,102243,179615,1767791,1265569,2385249,16897632,12674706,21825563,1.132361753
2020-06-03,990,108156,,,,,,,142397,106623,185177,1801909,1296566,2420529,17040029,12781329,22010740,1.14112873142
2020-06-04,1009,109165,,,,,,,147756,111257,191426,1841296,1332149,2462018,17187785,12892586,22202166,1.14877261522
2020-06-05,970,110135,,,,,,,153601,116181,198364,1886169,1372342,2510099,17341386,13008767,22400530,1.15526644228
2020-06-06,680,110815,,,,,,,159943,121576,205882,1936754,1417337,2565175,17501329,13130343,22606412,1.16062968133
2020-06-07,451,111266,,,,,,,166801,127274,214080,1993285,1467158,2627547,17668130,13257617,22820492,1.1649563991
2020-06-08,505,111771,,,,,,,174192,133511,223566,2056011,1522104,2698337,17842322,13391128,23044058,1.16843037602
2020-06-09,940,112711,,,,,,,182120,140265,233524,2125168,1582469,2777734,18024442,13531393,23277582,1.17119782699
2020-06-10,917,113628,,,,,,,190592,147199,243888,2200986,1648139,2865864,18215034,13678592,23521470,1.17337815623
2020-06-11,881,114509,,,,,,,199608,154409,255606,2283680,1719055,2963487,18414642,13833001,23777076,1.17502586441
2020-06-12,822,115331,,,,,,,209164,162149,267600,2373450,1795469,3070743,18623806,13995150,24044676,1.17623074732
2020-06-13,750,116081,,,,,,,219241,170412,280260,2470460,1877594,3188060,18843047,14165562,24324936,1.17698641124
2020-06-14,298,116379,,,,,,,229810,178682,293581,2574831,1965111,3315332,19072857,14344244,24618517,1.17723751196
2020-06-15,391,116770,,,,,,,240830,187121,307152,2686617,2057740,3452397,19313687,14531365,24925669,1.17689346057
2020-06-16,839,117609,,,,,,,252237,195648,321820,2805795,2155249,3599746,19565924,14727013,25247489,1.17585584593
2020-06-17,751,118360,,,,,,,263952,204637,336351,2932244,2257648,3756491,19829876,14931650,25583840,1.17405479147
2020-06-18,704,119064,,,,,,,275886,213713,351556,3065733,2364746,3922919,20105762,15145363,25935396,1.17143720855
2020-06-19,672,119736,,,,,,,287946,222782,366738,3205923,2476285,4098288,20393708,15368145,26302134,1.1680827554
2020-06-20,610,120346,,,,,,,300041,231630,382603,3352363,2591747,4282584,20693749,15599775,26684737,1.16413242089
2020-06-21,255,120601,,,,,,,312087,240287,398222,3504508,2710469,4474970,21005836,15840062,27082959,1.15969547661
2020-06-22,406,121007,,,,,,,324009,248719,414302,3661716,2831919,4675217,21329845,16088781,27497261,1.1549027178
2020-06-23,837,121844,,,,,,,335737,256445,431563,3823262,2954863,4883207,21665582,16345226,27928824,1.14987173348
2020-06-24,757,122601,,,,,,,347202,262697,449161,3988343,3077306,5098815,22012784,16607923,28377985,1.14466066845
2020-06-25,2422,125023,,,,,,,358341,269196,466914,4156092,3199329,5321792,22371125,16877119,28844899,1.13927627957
2020-06-26,605,125628,,,,,,,369094,274615,485845,4325578,3319585,5551954,22740219,17151734,29330744,1.13373390282
2020-06-27,489,126117,,,,,,,379407,278463,504507,4495821,3435952,5788756,23119626,17430197,29835251,1.12804826531
2020-06-28,241,126358,,,,,,,389231,282238,523223,4665811,3547833,6031610,23508857,17712435,30358474,1.12218630848
2020-06-29,350,126708,,,,,,,398522,285619,543242,4834522,3654831,6281115,23907379,17998054,30901716,1.11609204795
2020-06-30,721,127429,,,,,,,407234,287783,561320,5000926,3755560,6535113,24314613,18285837,31463036,1.10969829264
2020-07-01,673,128102,,,,,,,415322,289503,581354,5164011,3849470,6794455,24729935,18575340,32044390,1.10294894292
2020-07-02,698,128800,,,,,,,422743,290726,599656,5322802,3935607,7057550,25152678,18866066,32644046,1.09582586982
2020-07-03,639,129439,,,,,,,429463,291695,617031,5476379,4013631,7322833,25582141,19157761,33261077,1.08836026737
2020-07-04,247,129686,,,,,,,435457,291973,633587,5623890,4082866,7589523,26017598,19449734,33894664,1.08065956723
2020-07-05,271,129957,,,,,,,440716,292194,648755,5764564,4143465,7855562,26458314,19741928,34543419,1.07286961377
2020-07-06,325,130282,,,,,,,445245,292137,662716,5897722,4195321,8120004,26903559,20034065,35206135,1.06513054801
2020-07-07,1195,131477,,,,,,,449064,292009,674382,6022777,4238573,8380067,27352623,20326074,35880517,1.05757015753
2020-07-08,820,132297,,,,,,,452196,291478,684858,6139236,4273550,8633368,27804819,20617552,36565375,1.05026887084
2020-07-09,990,133287,,,,,,,454675,290570,694071,6246709,4301349,8878326,28259494,20908122,37259446,1.04326675174
2020-07-10,811,134098,,,,,,,456537,289422,701583,6344904,4321508,9113088,28716031,21197544,37961029,1.03657397984
2020-07-11,676,134774,,,,,,,457818,287981,707663,6433628,4334826,9334995,29173849,21485525,38668692,1.03019470128
2020-07-12,428,135202,,,,,,,458551,286098,713834,6512772,4342416,9544321,29632400,21771623,39382526,1.02412448942
2020-07-13,361,135563,,,,,,,458769,283839,718244,6582311,4343962,9739280,30091169,22055462,40100770,1.01834394038
2020-07-14,900,136463,,,,,,,458497,281097,721617,6642286,4339379,9917501,30549666,22336559,40822387,1.01282180968
2020-07-15,949,137412,,,,,,,457753,278462,723774,6692805,4329993,10079746,31007419,22615021,41546161,1.0075200277
2020-07-16,943,138355,,,,,,,456558,275946,727265,6734042,4316362,10225408,31463977,22890967,42273426,1.00240364326
2020-07-17,908,139263,,,,,,,454930,273471,729394,6766229,4299032,10354876,31918907,23164438,43002820,0.99745184385
2020-07-18,853,140116,,,,,,,452888,270568,730758,6789654,4277841,10468359,32371795,23435006,43733578,0.992665230769
2020-07-19,415,140531,,,,,,,450457,267693,730018,6804654,4253501,10564557,32822252,23702699,44463596,0.98806586414
2020-07-20,379,140910,,,,,,,447662,264542,729008,6811600,4225797,10644606,33269914,23967241,45192604,0.983689653147
2020-07-21,1082,141992,,,,,,,444531,261156,727114,6810886,4194763,10708831,33714445,24228397,45919718,0.979574326865
2020-07-22,1195,143187,,,,,,,441090,257501,724707,6802912,4160206,10759052,34155535,24485898,46644425,0.975748377688
2020-07-23,1114,144301,,,,,,,437368,254233,722520,6788084,4122924,10796700,34592903,24740131,47366945,0.972225281949
2020-07-24,,,878,635,1199,145179,144936,145500,433389,250721,719096,6766798,4083054,10821774,35026292,24990852,48086041,
2020-07-25,,,895,640,1234,146075,145577,146734,429179,247402,714065,6739440,4041017,10834362,35455471,25238254,48800106,
2020-07-26,,,911,645,1268,146986,146222,148001,424764,244237,708688,6706387,3997255,10835591,35880235,25482491,49508794,
2020-07-27,,,926,649,1301,147912,146872,149301,420169,240529,703248,6668005,3951667,10825265,36300404,25723020,50212042,
2020-07-28,,,941,652,1335,148852,147524,150635,415419,236866,697434,6624655,3904672,10804726,36715823,25959886,50909476,
2020-07-29,,,954,655,1367,149806,148179,152002,410536,233439,691258,6576694,3856992,10774633,37126359,26193325,51600734,
2020-07-30,,,967,656,1400,150773,148836,153401,405540,230096,683989,6524481,3808607,10735117,37531899,26423421,52284723,
2020-07-31,,,978,657,1430,151751,149494,154830,400450,226476,676667,6468373,3759117,10684767,37932349,26649897,52961390,
2020-08-01,,,989,658,1459,152740,150152,156288,395282,223046,669063,6408725,3708674,10624650,38327631,26872943,53630453,
2020-08-02,,,998,658,1484,153738,150811,157771,390050,219426,661186,6345886,3657518,10555280,38717681,27092369,54291639,
2020-08-03,,,1007,657,1509,154745,151469,159280,384768,215805,652563,6280196,3605621,10477979,39102449,27308174,54944202,
2020-08-04,,,1014,656,1531,155759,152126,160809,379448,212082,643649,6211983,3553153,10392737,39481897,27520256,55587851,
2020-08-05,,,1020,655,1551,156780,152781,162359,374105,208800,634510,6141556,3500786,10300184,39856002,27729056,56222361,
2020-08-06,,,1026,653,1571,157805,153435,163929,368747,205375,625713,6069213,3448650,10201221,40224749,27934431,56848074,
2020-08-07,,,1030,651,1588,158835,154086,165515,363387,201932,616499,5995233,3396342,10095274,40588136,28136363,57464573,
2020-08-08,,,1033,647,1604,159867,154734,167118,358033,198423,607624,5919877,3344043,9983885,40946169,28334786,58072197,
2020-08-09,,,1035,643,1619,160902,155378,168736,352695,195145,599415,5843393,3291788,9869325,41298864,28529931,58671612,
2020-08-10,,,1035,638,1630,161937,156016,170364,347379,191924,590972,5766008,3239481,9751743,41646243,28721855,59262584,
2020-08-11,,,1035,632,1640,162973,156649,172003,342092,188638,581434,5687930,3187594,9630076,41988335,28910493,59844018,
2020-08-12,,,1034,626,1649,164007,157276,173650,336841,185379,571441,5609352,3136113,9504217,42325176,29095872,60415459,
2020-08-13,,,1032,622,1656,165039,157899,175304,331629,182164,562959,5530445,3084844,9376040,42656805,29278036,60978418,
2020-08-14,,,1029,616,1662,166068,158516,176964,326460,178892,554442,5451365,3033649,9246599,42983265,29456928,61532860,
2020-08-15,,,1025,610,1664,167093,159126,178625,321340,175719,545758,5372255,2982900,9115783,43304605,29632647,62078618,
2020-08-16,,,1020,604,1664,168114,159731,180286,316270,172580,536995,5293243,2932439,8983789,43620875,29805227,62615613,
2020-08-17,,,1015,597,1664,169129,160329,181947,311252,169572,528661,5214445,2882591,8851347,43932127,29974799,63144274,
2020-08-18,,,1009,590,1662,170138,160920,183606,306290,166425,520096,5135968,2833217,8718972,44238417,30141224,63664370,
2020-08-19,,,1002,583,1660,171139,161504,185263,301385,163551,511502,5057904,2784688,8586904,44539802,30304775,64175872,
2020-08-20,,,994,575,1655,172134,162080,186915,296538,160525,503103,4980337,2736412,8455553,44836340,30465300,64678975,
2020-08-21,,,986,568,1648,173120,162648,188559,291750,157727,495074,4903341,2688763,8324943,45128090,30623027,65174049,
2020-08-22,,,978,561,1638,174098,163210,190194,287024,154872,487677,4826978,2641703,8196150,45415114,30777899,65661726,
2020-08-23,,,969,554,1630,175067,163764,191821,282359,152029,480265,4751303,2595309,8068818,45697473,30929928,66141991,
2020-08-24,,,959,546,1620,176026,164311,193437,278031,149196,473564,4676638,2549359,7942986,45975504,31079124,66615555,
2020-08-25,,,949,538,1607,176975,164850,195041,273757,146578,467018,4603016,2504011,7819047,46249261,31225702,67082573,
2020-08-26,,,939,531,1594,177914,165381,196632,269551,143988,460983,4530475,2459358,7698607,46518812,31369690,67543556,
2020-08-27,,,928,523,1579,178842,165905,198207,265425,141268,454608,4459060,2415245,7581790,46784237,31510958,67998164,
2020-08-28,,,917,515,1564,179759,166421,199768,261406,138703,448482,4388837,2371781,7467332,47045643,31649661,68446646,
2020-08-29,,,906,507,1547,180665,166929,201311,257520,136244,442103,4319897,2329133,7355014,47303163,31785905,68888749,
2020-08-30,,,895,499,1531,181560,167429,202838,253745,133771,435616,4252302,2287187,7244899,47556908,31919676,69324365,
2020-08-31,,,883,491,1513,182444,167922,204347,250062,131449,429220,4186094,2246060,7137167,47806970,32051125,69753585,
2020-09-01,,,872,483,1494,183316,168406,205837,246471,129164,423728,4121313,2205654,7032301,48053441,32180289,70177313,
2020-09-02,,,860,476,1475,184176,168882,207308,242972,126890,419103,4057995,2166119,6931382,48296413,32307179,70596416,
2020-09-03,,,848,468,1455,185024,169351,208759,239573,124711,414246,3996184,2127276,6834192,48535986,32431890,71010662,
2020-09-04,,,837,460,1436,185861,169812,210190,236272,122589,409247,3935918,2089338,6740388,48772258,32554479,71419909,
2020-09-05,,,825,453,1417,186686,170266,211603,233065,120529,405307,3877233,2052139,6650663,49005323,32675008,71825216,
2020-09-06,,,813,445,1398,187498,170712,212997,229947,118622,400772,3820155,2015889,6563796,49235270,32793630,72225988,
2020-09-07,,,801,438,1378,188299,171151,214371,226916,116636,395990,3764713,1980500,6479552,49462186,32910266,72621978,
2020-09-08,,,789,431,1359,189089,171583,215726,223974,114821,392119,3710657,1946124,6398127,49686160,33025087,73014097,
2020-09-09,,,777,424,1338,189866,172007,217060,221121,112935,388817,3658021,1912479,6319928,49907281,33138022,73402914,
2020-09-10,,,766,416,1318,190632,172425,218374,218353,111135,385593,3606823,1879624,6244530,50125634,33249157,73788507,
2020-09-11,,,754,409,1299,191386,172835,219668,215670,109379,382360,3557068,1847735,6172276,50341304,33358536,74170867,
2020-09-12,,,743,402,1279,192129,173237,220943,213070,107643,379608,3508732,1816673,6103385,50554374,33466179,74550475,
2020-09-13,,,731,395,1260,192860,173633,222199,210552,106104,376571,3461763,1786529,6037840,50764926,33572283,74927046,
2020-09-14,,,720,388,1240,193580,174022,223435,208115,104418,373277,3416134,1757172,5975497,50973041,33676701,75300323,
2020-09-15,,,709,381,1221,194289,174405,224652,205758,102743,370140,3371830,1728461,5916429,51178799,33779444,75670463,
2020-09-16,,,698,375,1202,194987,174780,225850,203481,101124,367655,3328840,1700418,5860380,51382280,33880568,76038118,
2020-09-17,,,687,368,1183,195675,175149,227029,201282,99492,365487,3287149,1673016,5806785,51583562,33980060,76403605,
2020-09-18,,,677,362,1165,196352,175512,228189,199159,97988,363700,3246735,1646287,5756259,51782721,34078048,76767305,
2020-09-19,,,666,355,1149,197018,175869,229334,197113,96472,361783,3207576,1620167,5708809,51979834,34174520,77129088,
2020-09-20,,,656,349,1132,197674,176219,230462,195143,95019,359245,3169655,1594651,5662758,52174977,34269539,77488333,
2020-09-21,,,646,343,1117,198321,176563,231575,193248,93611,357640,3132956,1569635,5619649,52368225,34363150,77845973,
2020-09-22,,,637,337,1102,198958,176901,232672,191426,92276,356011,3097466,1545273,5579698,52559651,34455426,78201984,
2020-09-23,,,627,331,1088,199585,177233,233755,189679,91025,355144,3063170,1521474,5542731,52749330,34546451,78557128,
2020-09-24,,,618,325,1074,200203,177560,234824,188004,89590,354497,3030053,1498128,5508407,52937334,34636041,78911625,
2020-09-25,,,609,319,1058,200812,177881,235878,186401,88240,353375,2998101,1475234,5476190,53123735,34724281,79265000,
2020-09-26,,,600,314,1045,201412,178196,236918,184870,87008,352142,2967300,1452864,5445980,53308605,34811289,79617142,
2020-09-27,,,591,308,1030,202003,178506,237943,183410,85695,350869,2937640,1430917,5417241,53492015,34896984,79968011,
2020-09-28,,,583,303,1016,202586,178810,238954,182021,84565,350009,2909109,1409378,5390677,53674036,34981549,80318020,
2020-09-29,,,575,298,1003,203161,179110,239953,180699,83445,349207,2881693,1388405,5366602,53854735,35064994,80667227,
2020-09-30,,,567,293,992,203728,179404,240940,179446,82279,348569,2855381,1367940,5345032,54034181,35147273,81015796,
2020-10-01,,,559,288,981,204287,179693,241916,178258,81126,347317,2830158,1347940,5324692,54212439,35228399,81363113,
2020-10-02,,,552,283,971,204839,179978,242882,177136,80059,347225,2806012,1328505,5306432,54389575,35308458,81710338,
2020-10-03,,,544,279,961,205384,180259,243838,176074,78958,347936,2782927,1309472,5290674,54565649,35387416,82058274,
2020-10-04,,,537,274,950,205921,180534,244783,175072,77874,349281,2760885,1290873,5278177,54740721,35465290,82407555,
2020-10-05,,,530,270,940,206451,180806,245717,174131,76874,350538,2739872,1272726,5269476,54914852,35542164,82758093,
2020-10-06,,,524,265,931,206975,181073,246643,173249,75948,351721,2719873,1255059,5263563,55088101,35618112,83109814,
2020-10-07,,,517,261,923,207492,181336,247561,172423,74996,352825,2700869,1237775,5260382,55260524,35693108,83462639,
2020-10-08,,,511,257,916,208003,181595,248472,171651,73968,353690,2682842,1220713,5258921,55432175,35767076,83816329,
2020-10-09,,,505,253,908,208508,181850,249374,170933,72918,354829,2665772,1204039,5259247,55603108,35839994,84171158,
2020-10-10,,,499,250,902,209007,182101,250271,170267,71933,356214,2649638,1187731,5262081,55773375,35911927,84527372,
2020-10-11,,,493,246,894,209501,182349,251159,169652,71059,357623,2634420,1171783,5267564,55943027,35982986,84884995,
2020-10-12,,,488,242,887,209988,182593,252040,169087,70140,359212,2620097,1156229,5275905,56112114,36053126,85244207,
2020-10-13,,,482,238,881,210471,182833,252916,168569,69233,361918,2606645,1140898,5287795,56280683,36122359,85606125,
2020-10-14,,,477,234,875,210948,183069,253785,168098,68332,363008,2594044,1125786,5301581,56448781,36190691,85969133,
2020-10-15,,,472,231,871,211420,183302,254651,167673,67515,364775,2582271,1111021,5317780,56616454,36258206,86333908,
2020-10-16,,,468,227,866,211888,183531,255511,167291,66708,367257,2571304,1096601,5337711,56783745,36324914,86701165,
2020-10-17,,,463,224,861,212351,183757,256366,166952,65861,370502,2561120,1082401,5360980,56950697,36390775,87071667,
2020-10-18,,,459,221,856,212810,183980,257217,166653,65117,372824,2551699,1068558,5385863,57117350,36455892,87444491,
2020-10-19,,,454,218,855,213264,184200,258065,166394,64288,375372,2543021,1054972,5411949,57283744,36520180,87819863,
2020-10-20,,,450,215,854,213714,184417,258913,166174,63523,378107,2535065,1041621,5439519,57449918,36583703,88197970,
2020-10-21,,,446,212,851,214160,184630,259758,165993,62784,381155,2527809,1028457,5468956,57615911,36646487,88579125,
2020-10-22,,,443,209,848,214603,184841,260600,165849,62094,384050,2521236,1015555,5500184,57781760,36708581,88963175,
2020-10-23,,,439,206,846,215042,185049,261440,165740,61405,387102,2515324,1002993,5533600,57947500,36769986,89350277,
2020-10-24,,,436,203,843,215478,185254,262277,165665,60762,390398,2510056,990838,5569177,58113165,36830748,89740675,
2020-10-25,,,432,200,842,215910,185456,263112,165623,60226,393010,2505412,979131,5605982,58278788,36890974,90133685,
2020-10-26,,,429,197,840,216340,185655,263946,165613,59602,395952,2501374,967674,5644316,58444401,36950576,90529637,
2020-10-27,,,426,195,838,216766,185852,264777,165635,59025,398791,2497922,956562,5683896,58610036,37009601,90928428,
2020-10-28,,,424,192,836,217190,186046,265607,165688,58452,402065,2495040,945781,5724035,58775724,37068053,91330493,
2020-10-29,,,421,189,835,217611,186238,266435,165768,57856,404795,2492710,935304,5765815,58941492,37125909,91735288,
2020-10-30,,,419,187,837,218029,186427,267265,165877,57271,407555,2490914,925058,5808591,59107369,37183180,92142843,
2020-10-31,,,416,184,840,218445,186614,268098,166012,56735,410571,2489636,915084,5851906,59273381,37239915,92553414,
2020-11-01,,,414,182,842,218859,186798,268932,166173,56262,413683,2488857,905484,5895089,59439554,37296177,92967097,
