date,actual_deaths,total_deaths,predicted_deaths_mean,predicted_deaths_lower,predicted_deaths_upper,predicted_total_deaths_mean,predicted_total_deaths_lower,predicted_total_deaths_upper,predicted_new_infected_mean,predicted_new_infected_lower,predicted_new_infected_upper,predicted_current_infected_mean,predicted_current_infected_lower,predicted_current_infected_upper,predicted_total_infected_mean,predicted_total_infected_lower,predicted_total_infected_upper,r_values_mean,r_values_lower,r_values_upper
2020-02-05,0,0,,,,,,,120,61,169,120,61,169,120,61,169,2.27781700339,2.1,2.4
2020-02-06,0,0,,,,,,,120,61,169,239,124,338,240,122,338,2.2778095824,2.09999653303,2.39999984542
2020-02-07,0,0,,,,,,,120,61,169,359,186,507,360,183,507,2.27780708957,2.09999532753,2.39999976378
2020-02-08,0,0,,,,,,,120,61,169,479,248,676,480,244,676,2.27780374956,2.09999370247,2.39999963896
2020-02-09,0,0,,,,,,,281,161,391,760,423,1054,761,405,1067,2.27779927053,2.09999151169,2.39999945541
2020-02-10,0,0,,,,,,,281,161,391,1041,589,1439,1042,566,1458,2.27779325849,2.09998855805,2.39999916428
2020-02-11,0,0,,,,,,,281,161,391,1323,754,1827,1323,727,1849,2.27778518098,2.09998410528,2.39999872062
2020-02-12,0,0,,,,,,,281,161,391,1604,917,2216,1604,888,2240,2.27777431738,2.0999782635,2.39999807681
2020-02-13,0,0,,,,,,,463,278,635,2067,1215,2832,2067,1166,2875,2.27775969121,2.09997037571,2.39999716092
2020-02-14,0,0,,,,,,,657,402,893,2723,1623,3720,2724,1568,3768,2.2777169936,2.09993549755,2.39997805472
2020-02-15,0,0,,,,,,,1044,651,1397,3768,2315,5085,3768,2219,5165,2.27768751884,2.09991810573,2.39997413135
2020-02-16,0,0,,,,,,,1889,1172,2430,5656,3582,7466,5657,3391,7595,2.27764216806,2.09988866768,2.39996362174
2020-02-17,0,0,,,,,,,3154,2062,3998,8811,5763,11388,8811,5453,11593,2.27758417063,2.0998521548,2.39995134532
2020-02-18,0,0,,,,,,,3558,2360,4516,12369,8162,15880,12369,7813,16109,2.27750822199,2.09980523246,2.39993620946
2020-02-19,0,0,,,,,,,4157,2807,5256,16526,11021,21104,16526,10620,21365,2.2774073467,2.09974360798,2.39991629424
2020-02-20,0,0,,,,,,,4288,2905,5431,20695,13874,26360,20814,13525,26796,2.27727143945,2.09966088303,2.39988861815
2020-02-21,0,0,,,,,,,4801,3302,6068,25376,17138,32242,25615,16827,32864,2.27708705966,2.09955219766,2.39985021705
2020-02-22,0,0,,,,,,,5852,4088,7407,31109,21212,39446,31467,20915,40271,2.2768389426,2.09939254565,2.3997973158
2020-02-23,0,0,,,,,,,7060,5010,8908,38049,26249,48127,38527,25925,49179,2.27650505088,2.09917463034,2.39972183835
2020-02-24,0,0,,,,,,,8796,6262,11148,46563,32418,58841,47323,32187,60327,2.27605376682,2.09889882577,2.39961362241
2020-02-25,0,0,,,,,,,13152,9030,16644,59435,41428,75001,60475,41217,76971,2.27544157675,2.09850092568,2.39945777301
2020-02-26,0,0,,,,,,,16041,11165,20282,75194,52470,94867,76516,52382,97253,2.27460846277,2.09798512682,2.39923098664
2020-02-27,0,0,,,,,,,17436,12069,22202,92349,64389,116671,93952,64451,119455,2.2734730258,2.09725105917,2.3988708921
2020-02-28,0,0,,,,,,,20911,14351,26865,112797,78461,142893,114863,78802,146320,2.27192297346,2.09631126564,2.39841016979
2020-02-29,1,1,,,,,,,25163,16874,32762,137304,94940,174732,140026,95676,179082,2.26980279685,2.09504616856,2.39773623992
2020-03-01,0,1,,,,,,,32372,21264,42523,168631,115615,215780,172398,116940,221605,2.26689788257,2.09342163123,2.39670638892
2020-03-02,5,6,,,,,,,40097,26065,53071,206840,140602,266325,212495,143005,274676,2.26291315692,2.0911229181,2.39524636976
2020-03-03,1,7,,,,,,,49554,31995,65773,253240,170620,328011,262049,175000,340449,2.25744511684,2.08803426452,2.39315403741
2020-03-04,4,11,,,,,,,60384,38378,81282,310066,206737,404652,322433,213378,421731,2.24994524325,2.0836986117,2.38980568555
2020-03-05,1,12,,,,,,,74977,47158,102347,380885,251184,501560,397410,260536,524078,2.23967523431,2.07802201971,2.38477666845
2020-03-06,2,14,,,,,,,91405,56456,125523,468003,304843,621467,488815,316992,649601,2.22565731845,2.06908289262,2.37765157428
2020-03-07,3,17,,,,,,,110281,67711,152699,573483,369327,767906,599096,384703,802300,2.20662794074,2.05522944864,2.36659296469
2020-03-08,4,21,,,,,,,131454,81277,183821,699084,446515,944137,730550,465980,986121,2.18101354782,2.03698446046,2.34992755319
2020-03-09,1,22,,,,,,,154671,97146,217273,846695,538548,1152345,885221,563126,1203394,2.14696240547,2.00495071258,2.32536830395
2020-03-10,6,28,,,,,,,179669,116200,251642,1017569,648293,1392803,1064890,679326,1455036,2.10248360488,1.95715551237,2.29199908556
2020-03-11,5,33,,,,,,,203696,135530,281417,1208113,774755,1657515,1268586,814856,1736453,2.04574798479,1.88118833897,2.25028577676
2020-03-12,10,43,,,,,,,225614,150494,307387,1417686,913973,1944700,1494200,965350,2043840,1.97556659314,1.79679793148,2.2102652664
2020-03-13,9,52,,,,,,,244888,162797,325795,1645138,1064607,2248386,1739088,1128147,2369635,1.89195686575,1.69080872907,2.17128596192
2020-03-14,6,58,,,,,,,260675,173127,344115,1884902,1223300,2565667,1999763,1301274,2713750,1.79657048922,1.57139733998,2.11585482898
2020-03-15,12,70,,,,,,,273474,182086,359249,2133213,1388500,2892056,2273237,1483360,3072999,1.69271996016,1.45330610055,2.04513535599
2020-03-16,27,97,,,,,,,283146,190289,373697,2383987,1557581,3223065,2556383,1673649,3446696,1.58491158931,1.3355686125,1.96861021841
2020-03-17,34,131,,,,,,,290160,197796,384402,2634050,1729434,3554215,2846543,1871445,3831098,1.47806427719,1.22583976725,1.88489412449
2020-03-18,57,188,,,,,,,295104,204437,394157,2879599,1902101,3882436,3141647,2075882,4225255,1.37672115535,1.1335076175,1.78536309932
2020-03-19,76,264,,,,,,,298383,210045,397471,3117598,2074126,4198422,3440030,2285927,4622726,1.2844742283,1.06092176491,1.67010519361
2020-03-20,97,361,,,,,,,300437,214990,399174,3343058,2242491,4494961,3740467,2500917,5021900,1.20366640009,1.00835177299,1.54540838104
2020-03-21,94,455,,,,,,,301407,219242,398396,3553060,2405923,4767527,4041874,2720159,5420296,1.13534258871,0.971403256171,1.43799049638
2020-03-22,145,600,,,,,,,301451,222561,396397,3744229,2561530,5010900,4343325,2942720,5816693,1.07939642418,0.944782575852,1.3366517589
2020-03-23,183,783,,,,,,,300765,225268,393709,3913541,2706335,5220537,4644090,3167988,6210402,1.03485143916,0.926867848296,1.24870883382
2020-03-24,237,1020,,,,,,,299457,227259,388389,4058327,2837309,5391456,4943547,3395247,6598791,1.00020352857,0.913648274614,1.1736819654
2020-03-25,312,1332,,,,,,,297621,228744,382815,4176278,2950763,5522474,5241168,3623991,6981606,0.973745760128,0.900303341833,1.11040375969
2020-03-26,413,1745,,,,,,,295303,229324,377452,4267886,3045466,5618364,5536471,3853315,7359058,0.953815012602,0.883459038001,1.06036314412
2020-03-27,552,2297,,,,,,,292537,229421,373267,4334808,3125240,5684180,5829008,4082736,7732325,0.938938563817,0.870439258048,1.02073062989
2020-03-28,634,2931,,,,,,,289363,228975,367807,4379283,3192076,5725949,6118371,4311711,8100132,0.927893835023,0.862021968962,0.99070023408
2020-03-29,627,3558,,,,,,,285850,228337,360337,4404458,3247717,5741787,6404221,4540048,8460469,0.919710195842,0.854862874325,0.972820316162
2020-03-30,820,4378,,,,,,,281960,226832,352763,4412944,3292565,5734787,6686181,4766880,8813232,0.913640537704,0.850139182094,0.962690313852
2020-03-31,1224,5602,,,,,,,277764,225022,346012,4407561,3327113,5706697,6963945,4991902,9159244,0.909121982104,0.846645171736,0.955792569784
2020-04-01,1241,6843,,,,,,,273294,221929,338848,4390696,3350723,5660889,7237239,5213831,9498092,0.90573663244,0.844310099902,0.951586853904
2020-04-02,1586,8429,,,,,,,268592,217958,331788,4364183,3363421,5598610,7505831,5431789,9829880,0.903177294158,0.842903664459,0.948585705188
2020-04-03,1315,9744,,,,,,,263697,213783,324491,4329498,3366192,5525913,7769528,5645572,10154371,0.901219621305,0.841725552975,0.946296458739
2020-04-04,1284,11028,,,,,,,258645,209103,317745,4287706,3359227,5444914,8028173,5854675,10472116,0.899700446553,0.840675358483,0.944474023081
2020-04-05,1439,12467,,,,,,,253475,204682,310778,4239773,3343569,5357773,8281648,6059357,10782894,0.898501380651,0.839912761092,0.943001144398
2020-04-06,1668,14135,,,,,,,248225,200056,304476,4186548,3320031,5266405,8529873,6259413,11087370,0.897536621277,0.839146622827,0.94191991055
2020-04-07,2309,16444,,,,,,,242934,195445,298599,4128716,3289338,5171974,8772807,6454858,11385969,0.896743997286,0.838460731027,0.941144260789
2020-04-08,2116,18560,,,,,,,237637,190840,292024,4066896,3252242,5076213,9010444,6645698,11677993,0.896078439994,0.837751940731,0.940442863761
2020-04-09,2075,20635,,,,,,,232363,186413,285772,4001639,3209441,4979692,9242807,6832111,11963765,0.895507246819,0.83731848279,0.939882865281
2020-04-10,2093,22728,,,,,,,227141,182040,279803,3933476,3161832,4882468,9469948,7014151,12243568,0.895006655365,0.837011208652,0.939424614045
2020-04-11,2046,24774,,,,,,,221990,177723,273908,3862929,3109960,4783543,9691938,7191874,12517476,0.894559369421,0.83655441754,0.939044570771
2020-04-12,1774,26548,,,,,,,216926,173344,267798,3790492,3054245,4683900,9908864,7365218,12785274,0.894149478634,0.836146078309,0.938637819576
2020-04-13,1828,28376,,,,,,,211960,169194,262375,3716603,2995068,4586141,10120824,7534412,13047649,0.893769726585,0.835867957915,0.938326202281
2020-04-14,2404,30780,,,,,,,207100,165068,257139,3641743,2933272,4490595,10327924,7699480,13304788,0.893417910967,0.83550647821,0.937955414368
2020-04-15,2549,33329,,,,,,,202348,160937,251743,3566327,2869119,4396329,10530272,7860417,13556531,0.893088966964,0.835130169942,0.937675620453
2020-04-16,2113,35442,,,,,,,197706,156840,246548,3490739,2803938,4303983,10727978,8017257,13803079,0.892782758625,0.834830812838,0.937381824398
2020-04-17,2614,38056,,,,,,,193175,152896,241673,3415322,2738800,4213807,10921153,8170153,14044752,0.892489207626,0.834477944188,0.937091170832
2020-04-18,2386,40442,,,,,,,188752,148999,236929,3340377,2673949,4126187,11109905,8319152,14281681,0.892209793405,0.834233155246,0.936758947415
2020-04-19,1229,41671,,,,,,,184435,145270,232172,3266167,2610073,4040569,11294340,8464422,14513853,0.891942957184,0.833999871127,0.936462447822
2020-04-20,1795,43466,,,,,,,180222,141470,227579,3192915,2546838,3957375,11474562,8605892,14741432,0.891690056926,0.833797198807,0.936159622456
2020-04-21,2457,45923,,,,,,,176112,137694,223218,3120801,2484468,3876146,11650674,8743586,14964650,0.891452462675,0.833671286787,0.935895336682
2020-04-22,2389,48312,,,,,,,172100,134169,218818,3049967,2423195,3796408,11822774,8877755,15183468,0.891228929566,0.833580128183,0.935680742121
2020-04-23,2434,50746,,,,,,,168187,130617,214684,2980517,2362980,3719137,11990961,9008372,15398152,0.891022945375,0.833436941592,0.935460861278
2020-04-24,2118,52864,,,,,,,164370,127092,210637,2912524,2303673,3644085,12155331,9135464,15608789,0.890837230106,0.833343316896,0.935274463858
2020-04-25,1650,54514,,,,,,,160650,123610,206686,2846033,2245259,3571059,12315981,9259074,15815475,0.890677377688,0.833282072059,0.935030710037
2020-04-26,1293,55807,,,,,,,157026,120176,202650,2781069,2187726,3499898,12473007,9379250,16018125,0.89055017681,0.833138679316,0.934833357841
2020-04-27,1425,57232,,,,,,,153498,116850,198807,2717641,2131245,3431005,12626505,9496100,16216932,0.890464968736,0.833202799352,0.934594891779
2020-04-28,2219,59451,,,,,,,150064,113710,195214,2655745,2075762,3363932,12776569,9609810,16412146,0.890434845362,0.833132815863,0.934386704283
2020-04-29,2506,61957,,,,,,,146726,110622,191759,2595372,2021320,3298628,12923295,9720432,16603905,0.890477278979,0.833228098493,0.934304239838
2020-04-30,2296,64253,,,,,,,143484,107593,188304,2536508,1967976,3235253,13066779,9828025,16792209,0.890615817958,0.833252219476,0.934168380254
2020-05-01,1869,66122,,,,,,,140339,104656,184933,2479141,1915793,3173686,13207118,9932681,16977142,0.890881792668,0.833300229376,0.933982345078
2020-05-02,1556,67678,,,,,,,137294,101811,181787,2423259,1864708,3113837,13344412,10034492,17158929,0.891316295761,0.833458600492,0.934153713017
2020-05-03,1096,68774,,,,,,,134350,98994,178743,2368857,1814704,3055680,13478762,10133486,17337672,0.891972307453,0.833660964857,0.934646306263
2020-05-04,1309,70083,,,,,,,131513,96410,175869,2315935,1765839,2999400,13610275,10229896,17513541,0.892916429165,0.833905031532,0.935546386322
2020-05-05,2307,72390,,,,,,,128786,93950,173119,2264498,1718314,2944954,13739061,10323846,17686660,0.894229472677,0.834099227453,0.936758333312
2020-05-06,2458,74848,,,,,,,126175,91547,170407,2214562,1672162,2892150,13865236,10415393,17857067,0.89600471441,0.834424646433,0.939843467346
2020-05-07,1919,76767,,,,,,,123689,89265,167794,2166150,1627250,2841127,13988925,10504658,18024861,0.89834248231,0.835036249798,0.94511939737
2020-05-08,1727,78494,,,,,,,121333,87074,165206,2119297,1583697,2791649,14110258,10591732,18190067,0.901340403051,0.835798377213,0.96437259675
2020-05-09,1479,79973,,,,,,,119118,85052,162762,2074046,1541645,2743771,14229376,10676784,18352829,0.905080735835,0.837245266849,0.984447769705
2020-05-10,879,80852,,,,,,,117054,83149,160494,2030450,1501173,2697574,14346430,10759933,18513323,0.909619503627,0.839350407795,1.01021482795
2020-05-11,1013,81865,,,,,,,115152,81426,158481,1988576,1462410,2653402,14461582,10841359,18671804,0.914984180439,0.842703943221,1.03087425837
2020-05-12,1615,83480,,,,,,,113423,79815,156561,1948500,1425365,2611151,14575005,10921174,18828365,0.921183639613,0.847544039881,1.06565846804
2020-05-13,1751,85231,,,,,,,111879,78277,154839,1910315,1389925,2570770,14686884,10999451,18983204,0.928225504582,0.854394601581,1.09866339423
2020-05-14,1774,87005,,,,,,,110533,77049,153461,1874122,1356347,2532460,14797417,11076500,19136665,0.936129112376,0.86369829864,1.12467769151
2020-05-15,1661,88666,,,,,,,109396,75875,152291,1840033,1324631,2496434,14906813,11152375,19288956,0.944925351496,0.875875766978,1.14887656913
2020-05-16,1223,89889,,,,,,,108481,74970,151433,1808175,1294951,2462920,15015294,11227345,19440389,0.954645093049,0.877425458594,1.16529008886
2020-05-17,752,90641,,,,,,,107797,74224,150789,1778679,1267373,2431906,15123091,11301569,19591178,0.965303478804,0.87736347074,1.17976271369
2020-05-18,770,91411,,,,,,,107357,73609,150465,1751687,1242006,2403610,15230448,11375178,19741643,0.976882387294,0.877869582109,1.19075750096
2020-05-19,1551,92962,,,,,,,107171,73288,150493,1727345,1218908,2378208,15337619,11448466,19892136,0.989307991891,0.878854767592,1.19966822985
2020-05-20,1568,94530,,,,,,,107249,73214,150743,1705808,1198204,2355806,15444868,11521680,20042879,1.00242758507,0.879711433706,1.21100787842
2020-05-21,1223,95753,,,,,,,107599,73387,151326,1687231,1180087,2336697,15552467,11595067,20194205,1.01600427858,0.880902152506,1.21876721036
2020-05-22,1269,97022,,,,,,,108232,73755,152108,1671775,1164627,2320985,15660699,11668822,20346313,1.02974844482,0.88196288367,1.233221832
2020-05-23,1121,98143,,,,,,,109160,74452,153302,1659601,1152058,2309054,15769859,11743274,20499615,1.04338066307,0.883254862471,1.24382368895
2020-05-24,608,98751,,,,,,,110391,75406,154821,1650873,1142467,2301090,15880250,11818680,20654436,1.05669354311,0.885594375686,1.25140642267
2020-05-25,513,99264,,,,,,,111938,76579,156751,1645757,1135956,2297325,15992188,11895259,20811187,1.06957963281,0.888953140205,1.25671366851
2020-05-26,685,99949,,,,,,,113822,78057,159140,1644427,1132645,2297959,16106010,11973316,20970327,1.08201967204,0.893150857322,1.2611350162
2020-05-27,1509,101458,,,,,,,116054,79787,161654,1647059,1132670,2303032,16222064,12053103,21131981,1.09404938979,0.898796404365,1.2737596708
2020-05-28,1182,102640,,,,,,,118646,81836,164694,1653825,1136280,2312867,16340710,12134939,21296675,1.10572012952,0.905901894137,1.28610009364
2020-05-29,1166,103806,,,,,,,121612,84172,168273,1664904,1143441,2327658,16462322,12219111,21464948,1.11706222454,0.916329712858,1.29534434246
2020-05-30,969,104775,,,,,,,124969,86919,172390,1680477,1154519,2347734,16587291,12306030,21637338,1.12808007464,0.927658092849,1.30131032719
2020-05-31,586,105361,,,,,,,128737,89950,177215,1700733,1169529,2373488,16716028,12395980,21814553,1.13869784388,0.934742639128,1.30590282932
2020-06-01,772,106133,,,,,,,132935,93327,182135,1725871,1188649,2404801,16848963,12489307,21996688,1.14881940224,0.94163488048,1.30916013333
2020-06-02,1033,107166,,,,,,,137579,97119,187531,1756093,1212166,2441832,16986542,12586426,22184219,1.15831426853,0.947308057879,1.31150928863
2020-06-03,990,108156,,,,,,,142688,101279,193885,1791611,1240156,2485181,17129230,12687705,22378104,1.16706965827,0.954821709157,1.31280548507
2020-06-04,1009,109165,,,,,,,148281,105680,200854,1832643,1272622,2535240,17277511,12793385,22578958,1.1750121546,0.963720130886,1.31398907909
2020-06-05,970,110135,,,,,,,154373,110548,208298,1879416,1309777,2592158,17431884,12903933,22787256,1.18210890387,0.977228389249,1.31443215168
2020-06-06,680,110815,,,,,,,160986,115703,216367,1932170,1351715,2656356,17592870,13019636,23003623,1.18835534036,0.995633001409,1.31438534323
2020-06-07,451,111266,,,,,,,168136,121401,225338,1991147,1398650,2728313,17761006,13141037,23228961,1.1937225916,1.01525835913,1.31463388242
2020-06-08,505,111771,,,,,,,175841,127532,235145,2056597,1450757,2808546,17936847,13268569,23464106,1.19820817978,1.04019941057,1.3145265547
2020-06-09,940,112711,,,,,,,184113,134062,245485,2128772,1508222,2897189,18120960,13402631,23709591,1.20179531549,1.06234720389,1.31438869432
2020-06-10,917,113628,,,,,,,192961,141190,256599,2207910,1571338,2994552,18313921,13543821,23966190,1.2044927431,1.06815139121,1.31414964373
2020-06-11,881,114509,,,,,,,202386,148830,268609,2294242,1640364,3101414,18516307,13692651,24234799,1.20632559872,1.0740610353,1.31266394936
2020-06-12,822,115331,,,,,,,212383,157001,281391,2387979,1715513,3218023,18728690,13849652,24516190,1.20728669882,1.06918127919,1.31206684282
2020-06-13,750,116081,,,,,,,222936,165647,294547,2489304,1796966,3344222,18951626,14015299,24810737,1.20738277691,1.06385272522,1.31211995942
2020-06-14,298,116379,,,,,,,234018,174596,308139,2598353,1884625,3479923,19185644,14189895,25118876,1.20661295004,1.06087056618,1.31274080529
2020-06-15,391,116770,,,,,,,245589,184182,322238,2715205,1978832,3624919,19431233,14374077,25441114,1.20503373864,1.05287097882,1.31305895388
2020-06-16,839,117609,,,,,,,257595,194044,337359,2839865,2079525,3780140,19688828,14568121,25778473,1.20268781198,1.04208017849,1.31319586089
2020-06-17,751,118360,,,,,,,269972,204229,351686,2972258,2186606,3944324,19958800,14772350,26130159,1.19958612614,1.03163992143,1.31285471836
2020-06-18,704,119064,,,,,,,282640,214849,366308,3112210,2300151,4116799,20241440,14987199,26496467,1.19574239256,1.02195461969,1.31246972716
2020-06-19,672,119736,,,,,,,295515,225984,380670,3259445,2420430,4296685,20536955,15213183,26877137,1.19115754477,1.01378865847,1.3124711103
2020-06-20,610,120346,,,,,,,308503,237240,394918,3413575,2547093,4483382,20845458,15450423,27272055,1.18586935845,1.0027441121,1.31201438458
2020-06-21,255,120601,,,,,,,321509,248127,410423,3574098,2679489,4677502,21166967,15698550,27682478,1.17993969791,0.994797813071,1.31154590418
2020-06-22,406,121007,,,,,,,334437,259368,425234,3740399,2817442,4877442,21501404,15957918,28107712,1.17343373084,0.988622225046,1.31082964217
2020-06-23,837,121844,,,,,,,347200,270366,439828,3911757,2960266,5082145,21848604,16228284,28547540,1.16645379553,0.981169638993,1.30980726093
2020-06-24,757,122601,,,,,,,359714,281222,454420,4087358,3107444,5291088,22208318,16509506,29001960,1.15908961897,0.973915866999,1.30841690056
2020-06-25,2422,125023,,,,,,,371903,290882,470975,4266300,3257170,5505478,22580221,16800388,29472935,1.15146020577,0.96639599461,1.30856265073
2020-06-26,605,125628,,,,,,,383697,300030,485614,4447612,3408406,5722460,22963918,17100418,29958549,1.14364314105,0.963322554004,1.30801871697
2020-06-27,489,126117,,,,,,,395036,308699,500677,4630265,3560135,5941720,23358954,17409117,30459226,1.13567866589,0.957147351126,1.30642320115
2020-06-28,241,126358,,,,,,,405865,315823,516097,4813194,3710350,6163245,23764819,17724940,30975323,1.12759881331,0.946618637781,1.30620589978
2020-06-29,350,126708,,,,,,,416138,322450,530908,4995313,3858248,6386014,24180957,18047390,31506231,1.11940765424,0.939012633944,1.30453033901
2020-06-30,721,127429,,,,,,,425814,328840,546261,5175538,4002949,6610079,24606771,18376230,32052492,1.11111249598,0.934740685245,1.30235809642
2020-07-01,673,128102,,,,,,,434861,333854,561962,5352804,4142785,6834764,25041632,18710084,32614454,1.10271818148,0.930713922613,1.29954616959
2020-07-02,698,128800,,,,,,,443252,337968,578079,5526083,4276538,7061257,25484884,19048052,33192533,1.09424172852,0.923479831936,1.29667416205
2020-07-03,639,129439,,,,,,,450966,341214,593834,5694409,4402906,7288857,25935850,19389266,33786367,1.0857202549,0.918923593334,1.29434416709
2020-07-04,247,129686,,,,,,,457992,343652,609078,5856886,4520571,7517294,26393842,19732918,34395445,1.07720975308,0.914981242583,1.29157538837
2020-07-05,271,129957,,,,,,,464323,345215,623460,6012706,4628537,7745806,26858165,20078133,35018905,1.06877978403,0.913488002103,1.28670378122
2020-07-06,325,130282,,,,,,,469961,345824,638937,6161159,4726226,7974232,27328126,20423957,35657842,1.06050013601,0.912128700275,1.28038914425
2020-07-07,1195,131477,,,,,,,474913,346016,651587,6301635,4812867,8200444,27803039,20769973,36309429,1.05244041358,0.911002850396,1.27614452955
2020-07-08,820,132297,,,,,,,479192,345361,662797,6433627,4887838,8423195,28282231,21115334,36972226,1.04466443784,0.910100343707,1.26893448679
2020-07-09,990,133287,,,,,,,482811,344402,674577,6556725,4950990,8643055,28765042,21459736,37646803,1.03722313573,0.908897137022,1.26021681989
2020-07-10,811,134098,,,,,,,485789,342968,687612,6670611,5003023,8859294,29250831,21802704,38334415,1.03015126246,0.908938856178,1.24831556521
2020-07-11,676,134774,,,,,,,488142,341384,699413,6775055,5044328,9072611,29738973,22144088,39033828,1.02347126723,0.907193204146,1.23706670325
2020-07-12,428,135202,,,,,,,489889,339316,710528,6869908,5074890,9281978,30228862,22483404,39744356,1.01720084565,0.906519290612,1.22682988616
2020-07-13,361,135563,,,,,,,491049,337356,720304,6955092,5096381,9485719,30719911,22820760,40464660,1.01135755274,0.905447371328,1.21479936405
2020-07-14,900,136463,,,,,,,491644,334549,726949,7030598,5108434,9681372,31211555,23155309,41191609,1.00595752735,0.903689360873,1.19552586857
2020-07-15,949,137412,,,,,,,491700,332041,734216,7096484,5111573,9869062,31703255,23487350,41925825,1.00101095598,0.902693354456,1.18148512902
2020-07-16,943,138355,,,,,,,491243,329102,740755,7152866,5106765,10047691,32194498,23816452,42666580,0.996518452759,0.900277864644,1.17049930787
2020-07-17,908,139263,,,,,,,490304,325790,745727,7199919,5094541,10215297,32684802,24142242,43412307,0.992470042797,0.897720859456,1.15147462169
2020-07-18,853,140116,,,,,,,488918,322595,749222,7237870,5075890,10370806,33173720,24464837,44161529,0.98884598595,0.895130407158,1.13279309348
2020-07-19,415,140531,,,,,,,487118,319430,751678,7266996,5051647,10513564,33660838,24784267,44913207,0.985618403985,0.891129839954,1.11856129408
2020-07-20,491,141022,,,,,,,484938,315334,752782,7287610,5021751,10643113,34145776,25099601,45665989,0.982753410157,0.889851224695,1.10049278814
2020-07-21,1096,142118,,,,,,,482412,311704,752275,7300061,4987628,10756767,34628188,25411305,46418264,0.980213705013,0.888225261045,1.0824580117
2020-07-22,1195,143313,,,,,,,479571,307826,749836,7304719,4949434,10855461,35107759,25719131,47168100,0.97796133851,0.88690972238,1.06770904466
2020-07-23,1114,144427,,,,,,,476446,304232,747626,7301973,4908303,10940757,35584205,26023363,47915726,0.975960118539,0.886358026117,1.05252245224
2020-07-24,1130,145557,,,,,,,473064,300436,743223,7292226,4864332,11009833,36057269,26323799,48658949,0.974177217297,0.886032270129,1.04454994481
2020-07-25,905,146462,,,,,,,469452,296911,738089,7275889,4818270,11060665,36526721,26620710,49397038,0.972583796849,0.885350171244,1.04243947231
2020-07-26,470,146932,,,,,,,465632,293267,731955,7253379,4770152,11093430,36992353,26913977,50128993,0.97115479025,0.885137578129,1.04021457136
2020-07-27,1077,148009,,,,,,,461627,289694,725154,7225117,4720528,11108205,37453980,27203671,50854147,0.969868205389,0.884268918606,1.03748486105
2020-07-28,1362,149371,,,,,,,457455,285782,718058,7191523,4668940,11106018,37911435,27489453,51572205,0.968704370694,0.883438936854,1.03634965805
2020-07-29,1448,150819,,,,,,,453133,281828,709909,7153012,4616211,11088918,38364568,27771281,52282114,0.967645411975,0.882859987257,1.03417845588
2020-07-30,1233,152052,,,,,,,448679,277943,702145,7109992,4562107,11056677,38813247,28049224,52984259,0.966675040164,0.882578126542,1.03136138583
2020-07-31,1259,153311,,,,,,,444108,273780,693528,7062857,4506776,11009184,39257355,28323004,53677787,0.965778566038,0.882251103611,1.03050697938
2020-08-01,,,1041,774,1404,154352,154085,154715,439432,269812,684736,7011985,4450795,10947866,39696787,28592816,54362523,,,
2020-08-02,,,1054,778,1434,155406,154863,156149,434666,265836,676907,6957733,4394031,10875220,40131453,28858652,55039430,,,
2020-08-03,,,1066,780,1462,156471,155644,157610,429822,261851,669079,6900438,4336452,10792274,40561275,29120503,55708509,,,
2020-08-04,,,1076,781,1490,157547,156426,159099,424912,258029,662779,6840412,4279150,10702033,40986187,29378532,56371288,,,
2020-08-05,,,1086,781,1519,158633,157207,160618,419945,254053,656078,6777945,4221499,10605712,41406132,29632585,57027366,,,
2020-08-06,,,1094,780,1547,159727,157987,162164,414933,250059,647428,6713306,4163736,10503194,41821065,29882644,57674794,,,
2020-08-07,,,1101,778,1572,160828,158766,163735,409885,246187,638411,6646745,4105694,10393883,42230950,30128831,58313205,,,
2020-08-08,,,1107,775,1596,161935,159541,165331,404811,242305,629848,6578492,4047564,10280462,42635761,30371136,58943053,,,
2020-08-09,,,1112,772,1617,163047,160313,166947,399719,238233,622044,6508758,3988893,10164462,43035480,30609369,59565097,,,
2020-08-10,,,1115,768,1635,164163,161081,168581,394618,234284,614067,6437743,3929915,10046696,43430098,30843653,60179164,,,
2020-08-11,,,1118,763,1652,165281,161845,170231,389514,230397,605556,6365631,3870627,9927244,43819612,31074050,60784720,,,
2020-08-12,,,1120,757,1669,166400,162603,171899,384416,226505,599009,6292593,3811356,9808396,44204028,31300555,61383729,,,
2020-08-13,,,1120,752,1683,167520,163355,173580,379329,222686,592348,6218788,3752220,9691079,44583357,31523241,61976077,,,
2020-08-14,,,1119,746,1694,168640,164101,175273,374259,219001,583706,6144368,3693287,9572870,44957616,31742242,62559783,,,
2020-08-15,,,1118,739,1703,169758,164841,176975,369209,215165,575905,6069469,3634676,9455430,45326825,31957407,63135688,,,
2020-08-16,,,1116,732,1710,170873,165574,178684,364186,211544,568790,5994223,3576411,9339653,45691011,32168951,63704478,,,
2020-08-17,,,1112,726,1713,171986,166300,180395,359191,207992,561040,5918748,3518566,9223934,46050202,32376943,64265518,,,
2020-08-18,,,1108,717,1716,173094,167018,182110,354230,204209,554107,5843155,3460923,9109070,46404432,32581152,64819625,,,
2020-08-19,,,1104,710,1716,174198,167729,183824,349303,200446,546191,5767547,3403346,8992621,46753735,32781598,65365816,,,
2020-08-20,,,1098,702,1714,175296,168432,185537,344415,196921,538971,5692018,3346211,8875707,47098150,32978519,65904787,,,
2020-08-21,,,1092,694,1709,176388,169126,187244,339567,193285,531855,5616652,3289434,8760272,47437717,33171804,66436642,,,
2020-08-22,,,1085,685,1702,177473,169812,188944,334761,189791,525270,5541527,3233035,8647221,47772478,33361595,66961912,,,
2020-08-23,,,1078,677,1691,178551,170490,190635,329998,186479,518107,5466714,3177203,8535516,48102476,33548074,67480019,,,
2020-08-24,,,1070,669,1680,179620,171160,192314,325599,183461,511802,5392594,3122432,8425336,48428075,33731535,67991821,,,
2020-08-25,,,1062,661,1670,180682,171822,193982,321238,180602,505256,5319215,3068739,8316565,48749313,33912137,68497077,,,
2020-08-26,,,1053,653,1656,181735,172475,195637,316930,177611,499330,5246630,3015939,8210335,49066243,34089748,68996407,,,
2020-08-27,,,1044,644,1641,182779,173120,197276,312692,174622,493369,5174906,2964040,8104726,49378935,34264370,69489776,,,
2020-08-28,,,1034,636,1626,183813,173757,198901,308555,171598,487667,5104132,2912944,8000138,49687490,34435968,69977443,,,
2020-08-29,,,1024,626,1611,184837,174384,200509,304549,168698,483163,5034422,2862636,7899669,49992039,34604666,70460606,,,
2020-08-30,,,1014,617,1593,185851,175002,202100,300650,165909,478181,4965863,2813383,7802039,50292689,34770575,70938787,,,
2020-08-31,,,1004,608,1580,186855,175611,203678,296838,163258,473074,4898516,2765104,7706441,50589527,34933833,71411861,,,
2020-09-01,,,993,600,1564,187848,176211,205240,293113,160787,467950,4832438,2717904,7613448,50882640,35094620,71879811,,,
2020-09-02,,,982,591,1549,188830,176803,206786,289474,158068,462783,4767682,2671764,7522230,51172114,35252688,72342594,,,
2020-09-03,,,971,582,1534,189801,177386,208317,285933,155546,457699,4704312,2626871,7433827,51458047,35408234,72800293,,,
2020-09-04,,,960,573,1516,190761,177960,209830,282488,153004,452741,4642386,2582960,7347672,51740535,35561238,73253034,,,
2020-09-05,,,949,564,1497,191710,178524,211324,279134,150552,448430,4581953,2540228,7264295,52019669,35711790,73701464,,,
2020-09-06,,,937,555,1480,192647,179081,212801,275866,148402,444018,4523059,2498838,7183074,52295535,35860192,74145482,,,
2020-09-07,,,926,547,1462,193573,179628,214260,272685,146219,440056,4465745,2458577,7105041,52568220,36006411,74585538,,,
2020-09-08,,,914,538,1446,194488,180167,215701,269590,144026,436527,4409736,2419143,7029783,52837810,36150437,75022065,,,
2020-09-09,,,903,529,1428,195390,180696,217125,266582,141886,433146,4355080,2380428,6957687,53104392,36292323,75455211,,,
2020-09-10,,,891,520,1413,196282,181217,218534,263660,139765,429857,4301810,2342579,6888213,53368052,36432088,75885068,,,
2020-09-11,,,880,511,1397,197162,181730,219926,260822,137415,426067,4249939,2305367,6820902,53628874,36569503,76311135,,,
2020-09-12,,,868,503,1380,198030,182234,221302,258066,135215,423317,4199451,2268980,6756552,53886940,36704718,76734452,,,
2020-09-13,,,857,494,1362,198887,182729,222660,255393,133168,421274,4150294,2233443,6694671,54142333,36837886,77155726,,,
2020-09-14,,,846,486,1345,199732,183216,224000,252801,131177,418127,4102445,2198712,6634643,54395134,36969063,77573853,,,
2020-09-15,,,834,478,1329,200567,183696,225324,250291,129157,415358,4055898,2164615,6576962,54645425,37098220,77989211,,,
2020-09-16,,,823,470,1312,201390,184167,226631,247861,127363,412822,4010646,2131190,6521865,54893286,37225583,78402033,,,
2020-09-17,,,812,462,1295,202202,184630,227921,245511,125254,410137,3966683,2098376,6469246,55138797,37350837,78812170,,,
2020-09-18,,,801,454,1278,203003,185084,229194,243239,123393,407373,3923988,2066227,6418948,55382036,37474230,79219543,,,
2020-09-19,,,790,446,1263,203793,185531,230451,241046,121512,404956,3882546,2034743,6371191,55623082,37595742,79624499,,,
2020-09-20,,,780,438,1248,204573,185971,231693,238931,119986,403025,3842343,2004182,6325811,55862013,37715728,80027524,,,
2020-09-21,,,770,431,1233,205343,186403,232920,236893,118299,400872,3803370,1974081,6282680,56098906,37834027,80428396,,,
2020-09-22,,,759,424,1219,206102,186828,234132,234932,116721,399139,3765617,1944581,6241775,56333838,37950748,80827535,,,
2020-09-23,,,749,417,1205,206852,187247,235331,233048,115164,397399,3729075,1915715,6202657,56566886,38065912,81224934,,,
2020-09-24,,,740,410,1191,207591,187659,236516,231240,113577,396771,3693733,1887403,6166289,56798126,38179489,81621705,,,
2020-09-25,,,730,404,1177,208321,188064,237687,229507,112031,395514,3659581,1859664,6131949,57027633,38291520,82017219,,,
2020-09-26,,,721,397,1163,209042,188462,238843,227851,110583,394235,3626610,1832829,6100115,57255484,38402103,82411454,,,
2020-09-27,,,711,390,1151,209753,188854,239989,226269,109111,393274,3594813,1806718,6070065,57481753,38511214,82804728,,,
2020-09-28,,,702,384,1140,210456,189240,241122,224763,107805,393351,3564184,1781346,6042137,57706516,38619019,83198079,,,
2020-09-29,,,694,378,1128,211149,189620,242244,223330,106464,393508,3534713,1756624,6017513,57929846,38725483,83591587,,,
2020-09-30,,,685,372,1116,211835,189993,243354,221970,105094,393502,3506392,1732552,5995657,58151816,38830577,83985089,,,
2020-10-01,,,677,366,1104,212511,190361,244451,220679,103718,393350,3479209,1708897,5976187,58372495,38934295,84378439,,,
2020-10-02,,,669,360,1093,213180,190723,245537,219455,102332,393249,3453154,1685965,5959305,58591950,39036627,84771688,,,
2020-10-03,,,661,355,1082,213841,191079,246612,218301,101009,394110,3428215,1663577,5946056,58810251,39137636,85165798,,,
2020-10-04,,,653,349,1071,214494,191430,247676,217213,99854,395287,3404382,1641917,5936397,59027464,39237490,85561085,,,
2020-10-05,,,646,344,1061,215140,191776,248731,216191,98835,396623,3381643,1620765,5929996,59243655,39336325,85957708,,,
2020-10-06,,,638,339,1052,215778,192117,249777,215232,97767,397938,3359982,1600233,5927059,59458887,39434092,86355646,,,
2020-10-07,,,631,334,1044,216409,192453,250814,214335,96797,399238,3339385,1580309,5927150,59673222,39530889,86754884,,,
2020-10-08,,,624,329,1037,217033,192784,251844,213498,95851,401873,3319836,1560996,5931619,59886720,39626740,87156757,,,
2020-10-09,,,618,324,1028,217651,193110,252865,212720,94591,403433,3301316,1542012,5938273,60099440,39721331,87560190,,,
2020-10-10,,,611,318,1020,218262,193430,253878,212001,93609,404781,3283810,1523592,5947534,60311441,39814940,87964971,,,
2020-10-11,,,605,314,1014,218867,193746,254885,211337,92585,405987,3267296,1505596,5959281,60522778,39907525,88370958,,,
2020-10-12,,,599,309,1007,219466,194057,255886,210726,91593,407628,3251753,1488082,5973631,60733504,39999118,88778586,,,
2020-10-13,,,593,304,1001,220059,194364,256880,210168,90697,409235,3237158,1470980,5989510,60943672,40089815,89187821,,,
2020-10-14,,,587,300,994,220646,194666,257867,209661,89691,411115,3223489,1454210,6007117,61153333,40179506,89598936,,,
2020-10-15,,,582,295,987,221227,194963,258847,209204,88616,412665,3210723,1437732,6026282,61362537,40268122,90011601,,,
2020-10-16,,,576,291,982,221804,195257,259823,208794,87637,414787,3198837,1421651,6047722,61571331,40355759,90426388,,,
2020-10-17,,,571,287,976,222375,195547,260792,208430,86654,417187,3187812,1405972,6071657,61779761,40442413,90843575,,,
2020-10-18,,,566,283,972,222941,195832,261757,208112,85592,419637,3177623,1390550,6097180,61987873,40528005,91263212,,,
2020-10-19,,,561,279,966,223503,196114,262717,207836,84694,422014,3168246,1375383,6123900,62195709,40612699,91685226,,,
2020-10-20,,,557,275,963,224060,196391,263673,207602,83914,425337,3159658,1360454,6152604,62403311,40696613,92110563,,,
2020-10-21,,,552,272,959,224612,196666,264625,207410,83032,428513,3151835,1345712,6183170,62610721,40779645,92539076,,,
2020-10-22,,,548,268,957,225160,196936,265575,207257,82118,431661,3144757,1331026,6215581,62817978,40861763,92970737,,,
2020-10-23,,,544,264,954,225704,197203,266522,207141,81323,434958,3138400,1316492,6248647,63025119,40943086,93405695,,,
2020-10-24,,,540,261,952,226245,197467,267467,207062,80439,438209,3132741,1302334,6283404,63232181,41023525,93843904,,,
2020-10-25,,,537,257,950,226782,197727,268410,207017,79699,441674,3127757,1288419,6320282,63439198,41103224,94285578,,,
2020-10-26,,,533,254,950,227315,197984,269352,207005,78876,444546,3123425,1274705,6358825,63646203,41182100,94730124,,,
2020-10-27,,,530,251,950,227845,198238,270295,207024,78063,447540,3119723,1261170,6398721,63853227,41260163,95177664,,,
2020-10-28,,,527,248,950,228371,198489,271238,207073,77234,450225,3116628,1247703,6439697,64060300,41337397,95627889,,,
2020-10-29,,,524,245,950,228895,198737,272180,207151,76500,452692,3114118,1234509,6481259,64267451,41413897,96080581,,,
2020-10-30,,,521,242,950,229416,198982,273123,207255,75752,456034,3112169,1221644,6524615,64474706,41489649,96536615,,,
2020-10-31,,,518,239,952,229934,199223,274067,207386,74969,459048,3110761,1208978,6568869,64682092,41564618,96995663,,,
2020-11-01,,,516,236,955,230449,199462,275014,207541,74394,462137,3109872,1196719,6613818,64889633,41639012,97457800,,,
