date,actual_deaths,total_deaths,predicted_deaths_mean,predicted_deaths_lower,predicted_deaths_upper,predicted_total_deaths_mean,predicted_total_deaths_lower,predicted_total_deaths_upper,predicted_new_infected_mean,predicted_new_infected_lower,predicted_new_infected_upper,predicted_current_infected_mean,predicted_current_infected_lower,predicted_current_infected_upper,predicted_total_infected_mean,predicted_total_infected_lower,predicted_total_infected_upper,r_values_mean,r_values_lower,r_values_upper
2020-02-05,0,0,,,,,,,125,65,178,125,65,178,125,65,178,2.25144317925,2.1,2.4
2020-02-06,0,0,,,,,,,125,65,178,249,130,356,250,130,356,2.25143384918,2.09998916239,2.39999963661
2020-02-07,0,0,,,,,,,125,65,178,374,195,534,375,195,534,2.25143068593,2.09998562828,2.39999944711
2020-02-08,0,0,,,,,,,125,65,178,499,260,712,500,260,712,2.25142643748,2.09998094068,2.39999915877
2020-02-09,0,0,,,,,,,288,163,406,787,438,1104,788,423,1118,2.25142072645,2.09997472276,2.3999987427
2020-02-10,0,0,,,,,,,288,163,406,1075,607,1504,1076,586,1524,2.25141304223,2.09996639067,2.39999811313
2020-02-11,0,0,,,,,,,288,163,406,1363,774,1907,1364,749,1930,2.25140269309,2.09995518774,2.39999711859
2020-02-12,0,0,,,,,,,288,163,406,1651,940,2311,1652,912,2336,2.25138874077,2.09994013206,2.3999956611
2020-02-13,0,0,,,,,,,470,281,651,2121,1241,2942,2122,1193,2987,2.25136991104,2.09991988485,2.3999934152
2020-02-14,0,0,,,,,,,674,409,926,2795,1656,3862,2796,1602,3913,2.25131545521,2.09986185986,2.39996400231
2020-02-15,0,0,,,,,,,1206,749,1618,4001,2459,5439,4002,2351,5531,2.25127741908,2.09982117335,2.39995604517
2020-02-16,0,0,,,,,,,2401,1468,3088,6401,4056,8463,6403,3819,8619,2.25121904174,2.09976084141,2.39993736438
2020-02-17,0,0,,,,,,,3864,2492,4902,10265,6681,13272,10267,6311,13521,2.25114412481,2.09968381264,2.39991486036
2020-02-18,0,0,,,,,,,4278,2803,5433,14543,9525,18676,14545,9114,18954,2.25104574262,2.09958372216,2.39988464573
2020-02-19,0,0,,,,,,,5036,3365,6385,19580,12954,25018,19581,12479,25339,2.25091475512,2.09945232556,2.39984278235
2020-02-20,0,0,,,,,,,5172,3467,6577,24627,16368,31410,24753,15946,31916,2.25073795031,2.09927823769,2.39978210421
2020-02-21,0,0,,,,,,,5700,3879,7235,30203,20208,38448,30453,19825,39151,2.25049770876,2.09904654213,2.39969245664
2020-02-22,0,0,,,,,,,6778,4689,8607,36856,24878,46839,37231,24514,47758,2.25017375482,2.09874019713,2.3995625425
2020-02-23,0,0,,,,,,,8111,5702,10275,44843,30610,56861,45342,30216,58033,2.24973690615,2.09833584749,2.39937362487
2020-02-24,0,0,,,,,,,10291,7225,13106,54846,37751,69503,55633,37441,71139,2.24914540129,2.09780082346,2.39910128297
2020-02-25,0,0,,,,,,,16149,10800,20535,70707,48565,89523,71782,48241,91674,2.24834176813,2.09709159839,2.39873633527
2020-02-26,0,0,,,,,,,19451,13265,24792,89870,61711,113878,91233,61506,116466,2.24724678058,2.09615011295,2.39821118738
2020-02-27,0,0,,,,,,,21207,14365,27241,110789,75927,140702,112440,75871,143707,2.24575299627,2.09491225357,2.39745253419
2020-02-28,0,0,,,,,,,25794,17293,33476,136113,92937,173517,138234,93164,177183,2.24371252912,2.09325496578,2.39622221427
2020-02-29,1,1,,,,,,,31518,20594,41550,166957,113134,214098,169752,113758,218733,2.24092133482,2.09105587247,2.39439800472
2020-03-01,0,1,,,,,,,40900,26159,54506,206651,138613,266878,210652,139917,273239,2.23709924004,2.0881387842,2.39204138653
2020-03-02,5,6,,,,,,,50796,32124,68149,255046,169384,331799,261448,172041,341388,2.23186374503,2.08427225869,2.38843943905
2020-03-03,1,7,,,,,,,62938,39616,84643,314120,206605,411414,324386,211657,426031,2.22469693553,2.07915142496,2.38388510635
2020-03-04,4,11,,,,,,,77086,47898,103948,386927,251791,509784,401472,259555,529979,2.21490449067,2.07239581961,2.37732647602
2020-03-05,1,12,,,,,,,96146,59322,130187,478038,307838,633433,497618,318877,660166,2.20156989247,2.06280718313,2.36763586709
2020-03-06,2,14,,,,,,,117364,71864,159229,590229,376324,785926,614982,390741,819395,2.18351209337,2.04745201405,2.35524084446
2020-03-07,3,17,,,,,,,141051,86671,193249,725580,459151,971727,756033,477412,1012644,2.15926297973,2.02550356834,2.33772727454
2020-03-08,4,21,,,,,,,166553,104524,228961,885355,558931,1191923,922586,581936,1241605,2.12709432756,1.986322475,2.31047158163
2020-03-09,1,22,,,,,,,193072,125317,263274,1070315,678390,1444896,1115658,707253,1504879,2.08513779725,1.92726437103,2.27481373894
2020-03-10,6,28,,,,,,,219654,148723,297813,1279679,819618,1729648,1335312,855976,1802692,2.03164534514,1.86167497919,2.23948082418
2020-03-11,5,33,,,,,,,242910,169291,323229,1506440,978067,2032333,1578222,1025267,2125921,1.96540713656,1.77861726848,2.19567216153
2020-03-12,10,43,,,,,,,261774,184063,342864,1748763,1148745,2350460,1839996,1209330,2468785,1.88625917603,1.67753376115,2.14275520972
2020-03-13,9,52,,,,,,,276464,195109,364125,2004021,1329400,2687350,2116460,1404439,2832910,1.79549856868,1.57071510755,2.09430583434
2020-03-14,6,58,,,,,,,286904,203693,380320,2265131,1515764,3034158,2403364,1608132,3213230,1.69597886652,1.45089798589,2.04331539987
2020-03-15,12,70,,,,,,,294323,210673,394893,2527937,1705964,3387388,2697687,1818805,3608123,1.59177409268,1.32850411149,1.97766558256
2020-03-16,27,97,,,,,,,298926,216128,404703,2785963,1896226,3737462,2996613,2034933,4012826,1.48751725767,1.2189961093,1.89426827307
2020-03-17,35,132,,,,,,,301373,221396,406924,3036540,2085992,4076097,3297986,2256329,4419750,1.38765940907,1.12804732752,1.79178945928
2020-03-18,59,191,,,,,,,302344,225155,406346,3275946,2272225,4397612,3600330,2481484,4826096,1.29587270431,1.0576499011,1.67268262901
2020-03-19,77,268,,,,,,,302253,227758,404214,3501114,2452931,4697587,3902583,2709242,5230310,1.21470138053,1.00501791169,1.54472813193
2020-03-20,99,367,,,,,,,301511,230006,401119,3706479,2624654,4968055,4204094,2939248,5631429,1.14545533814,0.967090960146,1.43383154049
2020-03-21,95,462,,,,,,,300194,231118,396041,3889309,2784999,5204198,4504288,3170366,6027470,1.08829702636,0.94131276288,1.33302086632
2020-03-22,148,610,,,,,,,298381,231668,391684,4046639,2931001,5401860,4802669,3402034,6419154,1.04247139448,0.92368326213,1.24881226244
2020-03-23,187,797,,,,,,,296203,232126,386995,4176289,3059555,5559159,5098872,3634160,6806149,1.00662207505,0.909898128763,1.17221409942
2020-03-24,242,1039,,,,,,,293710,232171,379376,4276926,3167248,5674317,5392582,3866331,7185525,0.979118268468,0.892329921104,1.11016506979
2020-03-25,316,1355,,,,,,,290950,231843,372565,4348222,3251317,5748141,5683532,4098174,7558090,0.958320212832,0.878165885588,1.06142446951
2020-03-26,422,1777,,,,,,,287931,230819,366263,4393242,3313536,5789954,5971463,4328993,7924353,0.942747409223,0.867764334678,1.02420201066
2020-03-27,561,2338,,,,,,,284647,228383,359881,4416116,3358204,5805649,6256110,4557376,8284234,0.931155106516,0.859480128594,0.999675523069
2020-03-28,654,2992,,,,,,,281111,224982,354263,4420762,3387913,5794735,6537221,4782358,8638497,0.922546433508,0.85309779614,0.980730024415
2020-03-29,634,3626,,,,,,,277362,222332,348618,4411220,3406054,5762391,6814583,5004690,8987115,0.916149282139,0.849214192801,0.969404518069
2020-03-30,834,4460,,,,,,,273352,219549,342375,4390248,3414176,5709761,7087935,5224239,9329490,0.911379201607,0.845543678766,0.96173121916
2020-03-31,1255,5715,,,,,,,269132,215474,335814,4360455,3412444,5641330,7357067,5439713,9665304,0.907800665443,0.84380739467,0.95631564734
2020-04-01,1268,6983,,,,,,,264720,211273,329334,4323802,3401107,5564458,7621787,5650986,9994638,0.905092533074,0.842198812993,0.952208118543
2020-04-02,1613,8596,,,,,,,260141,206737,323052,4281598,3381402,5482020,7881928,5857723,10317690,0.903019650308,0.84092478441,0.948948772113
2020-04-03,1337,9933,,,,,,,255421,202164,316986,4234766,3354624,5395812,8137349,6059887,10634676,0.901410583393,0.839762109581,0.946474486686
2020-04-04,1327,11260,,,,,,,250584,198000,311262,4183839,3321626,5307125,8387933,6257887,10945938,0.900140675018,0.839005038845,0.944412235753
2020-04-05,1502,12762,,,,,,,245663,193637,305362,4129308,3283392,5217589,8633596,6451524,11251300,0.899119396715,0.838359835441,0.942798841419
2020-04-06,1739,14501,,,,,,,240691,189397,299216,4071618,3240517,5126281,8874287,6640921,11550516,0.898281026655,0.837731675588,0.94167415612
2020-04-07,2379,16880,,,,,,,235698,185036,292965,4011113,3193031,5033449,9109985,6825957,11843481,0.897577834538,0.83713380213,0.940811839874
2020-04-08,2182,19062,,,,,,,230714,180630,287007,3948117,3141259,4941981,9340699,7006587,12130488,0.896975125167,0.836657954005,0.94016397919
2020-04-09,2151,21213,,,,,,,225764,176370,281204,3882931,3085674,4851321,9566463,7182957,12411692,0.896447645253,0.836238591835,0.939592716565
2020-04-10,2146,23359,,,,,,,220870,172038,275568,3815871,3026809,4761112,9787333,7354995,12687260,0.895976983184,0.835765265129,0.939136233432
2020-04-11,2124,25483,,,,,,,216048,167968,269710,3747271,2966301,4671280,10003381,7522963,12956970,0.895546560774,0.8354112394,0.938689897506
2020-04-12,1853,27336,,,,,,,211311,164015,263809,3677471,2905255,4581059,10214692,7686978,13220779,0.895151620359,0.834956888753,0.9383678496
2020-04-13,1906,29242,,,,,,,206666,160019,258341,3606775,2842865,4490928,10421358,7846997,13479120,0.894781460904,0.834692262471,0.937969474355
2020-04-14,2457,31699,,,,,,,202119,156239,252894,3535541,2779469,4401505,10623477,8003236,13732014,0.894435025823,0.834106141661,0.937575282261
2020-04-15,2609,34308,,,,,,,197672,152535,247718,3464081,2716466,4313413,10821149,8155771,13979732,0.894111265405,0.833800769012,0.937233074577
2020-04-16,2175,36483,,,,,,,193326,148881,242547,3392688,2654052,4226609,11014475,8304652,14222279,0.893801758551,0.833572092989,0.936866773491
2020-04-17,2666,39149,,,,,,,189081,145202,237470,3321628,2592530,4141034,11203556,8449854,14459749,0.89350761032,0.833350616794,0.936556020619
2020-04-18,2445,41594,,,,,,,184935,141672,232532,3251142,2532062,4056611,11388491,8591526,14692281,0.89322604255,0.833074248551,0.936271140789
2020-04-19,1276,42870,,,,,,,180885,138185,227799,3181442,2472276,3973198,11569376,8729711,14920080,0.892959187043,0.832873704173,0.936003447056
2020-04-20,1834,44704,,,,,,,176929,134851,223287,3112708,2413515,3891197,11746305,8864562,15143367,0.892706174695,0.832695340747,0.935747652128
2020-04-21,2504,47208,,,,,,,173066,131585,218979,3045083,2355718,3811044,11919371,8996147,15362346,0.892466664199,0.832561257059,0.935481311164
2020-04-22,2431,49639,,,,,,,169292,128467,214821,2978677,2299154,3732987,12088663,9124614,15577167,0.892242681107,0.832370021201,0.935223044465
2020-04-23,2466,52105,,,,,,,165607,125272,210738,2913570,2243782,3656797,12254270,9249886,15787905,0.892036997729,0.832245303784,0.935020867895
2020-04-24,2154,54259,,,,,,,162009,122191,206876,2849815,2189580,3582552,12416279,9372077,15994781,0.891853507017,0.832085693368,0.934836628188
2020-04-25,1697,55956,,,,,,,158499,119128,203075,2787444,2136643,3510138,12574778,9491205,16197856,0.891697644479,0.831984927649,0.934632222838
2020-04-26,1330,57286,,,,,,,155075,116003,199343,2726470,2084650,3439844,12729853,9607208,16397199,0.891576964528,0.831883588421,0.934505635197
2020-04-27,1467,58753,,,,,,,151735,113073,195745,2666895,2033678,3371835,12881588,9720281,16592944,0.891501457199,0.831968005397,0.934259720553
2020-04-28,2241,60994,,,,,,,148480,110276,192237,2608709,1983909,3305774,13030068,9830557,16785181,0.891484758314,0.831953734984,0.934032895807
2020-04-29,2521,63515,,,,,,,145309,107521,188821,2551899,1935169,3241730,13175377,9938078,16974002,0.891545137053,0.832154502971,0.933949798832
2020-04-30,2324,65839,,,,,,,142224,104737,185478,2496451,1887356,3179510,13317601,10042815,17159480,0.891706773091,0.832244813779,0.933763598855
2020-05-01,1891,67730,,,,,,,139227,102030,182121,2442352,1840493,3119099,13456828,10144845,17341601,0.892001430851,0.83219330772,0.933737401129
2020-05-02,1692,69422,,,,,,,136317,99426,178968,2389588,1794708,3060605,13593145,10244271,17520569,0.892470252085,0.832110842991,0.933771415487
2020-05-03,1121,70543,,,,,,,133496,96892,175972,2338149,1749924,3004051,13726641,10341163,17696541,0.893165496543,0.832116307563,0.93433315822
2020-05-04,1333,71876,,,,,,,130770,94441,173020,2288035,1706180,2949275,13857411,10435604,17869561,0.894151765919,0.832001811335,0.934767371702
2020-05-05,2318,74194,,,,,,,128142,92044,170225,2239247,1663372,2896208,13985553,10527648,18039786,0.895505896868,0.83226459912,0.93599761077
2020-05-06,2363,76557,,,,,,,125615,89707,167525,2191797,1621493,2844744,14111168,10617355,18207311,0.897314345869,0.832462681993,0.940113440203
2020-05-07,1936,78493,,,,,,,123196,87403,164911,2145701,1580430,2794823,14234364,10704758,18372222,0.89966677964,0.832972857209,0.953108246648
2020-05-08,1747,80240,,,,,,,120892,85332,162432,2100986,1540493,2746507,14355256,10790090,18534654,0.902645297206,0.83358784552,0.969359771025
2020-05-09,1488,81728,,,,,,,118712,83338,160077,2057690,1501641,2699697,14473968,10873428,18694731,0.906310877025,0.834667896299,0.988256788914
2020-05-10,894,82622,,,,,,,116667,81399,157844,2015857,1463910,2654457,14590635,10954827,18852575,0.910692026654,0.836344542661,1.01438765297
2020-05-11,1015,83637,,,,,,,114767,79656,155834,1975550,1427562,2610936,14705402,11034483,19008409,0.9157827514,0.838077916618,1.04828090747
2020-05-12,1626,85263,,,,,,,113026,78069,153952,1936841,1392558,2569134,14818428,11112552,19162361,0.921553852951,0.84052723853,1.07536447984
2020-05-13,1763,87026,,,,,,,111459,76584,152415,1899820,1358867,2529304,14929887,11189136,19314776,0.927972747146,0.843504636295,1.09785961133
2020-05-14,1783,88809,,,,,,,110080,75323,151186,1864591,1326670,2491661,15039967,11264459,19465962,0.935019868209,0.848745859777,1.12305891113
2020-05-15,1681,90490,,,,,,,108905,74163,150069,1831271,1296099,2456246,15148872,11338622,19616031,0.942693040211,0.855914890052,1.14483906977
2020-05-16,1216,91706,,,,,,,107949,73182,149290,1799993,1267255,2423405,15256821,11411804,19765321,0.951002212492,0.865597444155,1.16206005857
2020-05-17,758,92464,,,,,,,107226,72412,148745,1770902,1240251,2393172,15364047,11484216,19914066,0.959962548716,0.875058258989,1.17550571696
2020-05-18,776,93240,,,,,,,106751,71799,148381,1744158,1215172,2365567,15470798,11556015,20062447,0.969587574855,0.875676894326,1.19126886031
2020-05-19,1555,94795,,,,,,,106538,71343,148127,1719926,1192093,2340659,15577336,11627358,20210574,0.979875458828,0.875590294297,1.20139666201
2020-05-20,1579,96374,,,,,,,106600,71249,148380,1698384,1171324,2318794,15683936,11698607,20358954,0.990784927793,0.875823045557,1.21129165996
2020-05-21,1234,97608,,,,,,,106947,71296,149044,1679716,1152942,2300284,15790883,11769903,20507998,1.00221171207,0.876421315926,1.22480731578
2020-05-22,1273,98881,,,,,,,107591,71605,150133,1664111,1137181,2285470,15898474,11841508,20658131,1.01398557154,0.877353013699,1.24389207621
2020-05-23,1130,100011,,,,,,,108544,72245,151455,1651762,1124140,2274458,16007018,11913753,20809586,1.02589904065,0.878241373961,1.25164395399
2020-05-24,614,100625,,,,,,,109815,73048,152953,1642865,1113904,2267302,16116833,11986801,20962539,1.03775748808,0.878598758891,1.25501440858
2020-05-25,523,101148,,,,,,,111416,74130,155102,1637614,1106694,2264524,16228249,12060931,21117641,1.04942393807,0.878940961754,1.26340339757
2020-05-26,695,101843,,,,,,,113365,75500,157397,1636212,1102598,2266055,16341614,12136431,21275038,1.06083487545,0.879988582331,1.26451703007
2020-05-27,1518,103361,,,,,,,115673,77237,160286,1638859,1101828,2272367,16457287,12213668,21435324,1.07198362264,0.881042290809,1.27812672648
2020-05-28,1192,104553,,,,,,,118348,79290,163441,1645747,1104599,2283384,16575635,12292958,21598765,1.08288451791,0.882313455829,1.29813834417
2020-05-29,1171,105724,,,,,,,121401,81557,167347,1657069,1110896,2299524,16697036,12374515,21766112,1.09355564209,0.884739650248,1.30772076032
2020-05-30,979,106703,,,,,,,124850,84239,171640,1673014,1121025,2321070,16821886,12458754,21937752,1.1040300193,0.888089021235,1.31163050795
2020-05-31,591,107294,,,,,,,128711,87095,176453,1693777,1134984,2348195,16950597,12545849,22114205,1.11432680377,0.892919476535,1.31215460869
2020-06-01,777,108071,,,,,,,133006,90417,181795,1719556,1153030,2381204,17083603,12636266,22296000,1.12445683309,0.899904033982,1.31288114351
2020-06-02,1043,109114,,,,,,,137750,94165,187777,1750555,1175419,2420545,17221353,12730431,22483777,1.1343692273,0.909279267604,1.31332163807
2020-06-03,1011,110125,,,,,,,142964,98263,194506,1786981,1202352,2466860,17364317,12828694,22678283,1.14396102337,0.922442652545,1.31595750666
2020-06-04,1023,111148,,,,,,,148670,102710,201720,1829051,1233819,2520129,17512987,12931404,22880003,1.15306510176,0.930850512844,1.32717702523
2020-06-05,949,112097,,,,,,,154885,107581,209932,1876988,1270107,2580923,17667872,13038985,23089935,1.16153072565,0.936457795242,1.33670532241
2020-06-06,687,112784,,,,,,,161629,112795,218657,1931026,1311294,2649346,17829501,13151780,23308592,1.16924380154,0.940950317111,1.34340136916
2020-06-07,447,113231,,,,,,,168924,118224,228099,1991407,1357272,2725891,17998425,13270004,23536691,1.17611217192,0.948695506239,1.34849129662
2020-06-08,513,113744,,,,,,,176786,124236,238024,2058378,1408455,2810883,18175211,13394240,23774715,1.1821055393,0.958183567611,1.34800855909
2020-06-09,945,114689,,,,,,,185229,130826,248617,2132191,1465147,2904334,18360440,13525066,24023332,1.18718584858,0.971693181434,1.35081810678
2020-06-10,918,115607,,,,,,,194261,137992,260379,2213088,1527618,3007255,18554701,13663058,24283711,1.19136540242,0.988374323445,1.3520551336
2020-06-11,888,116495,,,,,,,203883,145633,272681,2301297,1595993,3119624,18758584,13808691,24556392,1.19466217855,1.0099479234,1.35180398391
2020-06-12,832,117327,,,,,,,214087,153652,285543,2397036,1670327,3241735,18972671,13962343,24841935,1.19708860027,1.03625669319,1.35375759574
2020-06-13,763,118090,,,,,,,224856,162326,299618,2500491,1751069,3374028,19197527,14124669,25141553,1.19867052662,1.05353330414,1.35564100692
2020-06-14,308,118398,,,,,,,236157,171223,313820,2611798,1838034,3516255,19433684,14295892,25455373,1.1993845538,1.04906111879,1.35459740708
2020-06-15,391,118789,,,,,,,247946,180590,328594,2731033,1931526,3668473,19681630,14476482,25783967,1.19924056809,1.04642995261,1.35613791268
2020-06-16,843,119632,,,,,,,260160,190382,342896,2858187,2031496,3829684,19941790,14666864,26126863,1.19821533935,1.03310689006,1.35597679839
2020-06-17,752,120384,,,,,,,272720,200089,358197,2993157,2137426,4000201,20214510,14866953,26485060,1.19630193781,1.02266631782,1.35694284449
2020-06-18,710,121094,,,,,,,285532,210412,373910,3135725,2249582,4179685,20500042,15077365,26858970,1.19350316985,1.00950841725,1.35683541604
2020-06-19,672,121766,,,,,,,298488,221127,389678,3285543,2367998,4367696,20798530,15298492,27248648,1.18980537297,0.99637441194,1.35707973898
2020-06-20,613,122379,,,,,,,311464,232064,404866,3442122,2492464,4562653,21109994,15530556,27653514,1.18522629233,0.991933043776,1.35633798329
2020-06-21,284,122663,,,,,,,324330,243171,420129,3604823,2622808,4764119,21434324,15773727,28073643,1.17976652438,0.984615490797,1.35660619099
2020-06-22,387,123050,,,,,,,336953,253760,434551,3772851,2758299,4970530,21771277,16027487,28508194,1.17352123336,0.975023505999,1.35694723639
2020-06-23,847,123897,,,,,,,349204,264374,448632,3945269,2898393,5181086,22120481,16291861,28956826,1.16659572742,0.964869435796,1.35551479411
2020-06-24,764,124661,,,,,,,360965,275350,461447,4121004,3042880,5393864,22481446,16567211,29418273,1.15910982747,0.958372540361,1.35399062148
2020-06-25,559,125220,,,,,,,372134,285786,473101,4298877,3190649,5606520,22853580,16852997,29891374,1.15118864854,0.955349706892,1.35230306298
2020-06-26,612,125832,,,,,,,382626,295771,484901,4477621,3340807,5818670,23236206,17148768,30376275,1.14292453279,0.950563565577,1.35047290058
2020-06-27,500,126332,,,,,,,392373,305104,495451,4655908,3492319,6028524,23628579,17453872,30871726,1.13442244551,0.943789230998,1.34996328897
2020-06-28,251,126583,,,,,,,401322,314284,504595,4832374,3644396,6233482,24029901,17768156,31376321,1.12575665233,0.937044450984,1.34862283875
2020-06-29,364,126947,,,,,,,409433,322350,513647,5005649,3795654,6433301,24439334,18090506,31889968,1.11699611888,0.932100129032,1.34570212123
2020-06-30,735,127682,,,,,,,416680,328540,522160,5174383,3943705,6626869,24856014,18419046,32412128,1.10818684842,0.927411644034,1.34092392959
2020-07-01,687,128369,,,,,,,423052,334512,529439,5337275,4087923,6813406,25279066,18753558,32941567,1.09933598834,0.92543048563,1.33430686571
2020-07-02,724,129093,,,,,,,428552,338915,535134,5493107,4226812,6990371,25707618,19092473,33476701,1.09044328806,0.918938507541,1.32593350532
2020-07-03,653,129746,,,,,,,433198,342423,540513,5640773,4358840,7157038,26140816,19434896,34017214,1.08148901908,0.913308965508,1.3152499164
2020-07-04,271,130017,,,,,,,437020,345253,544439,5779305,4482935,7311848,26577836,19780149,34561653,1.07248378638,0.911707233033,1.30948575443
2020-07-05,299,130316,,,,,,,440052,347352,547421,5907894,4598153,7454448,27017888,20127501,35109074,1.06347191746,0.910536287395,1.30828015038
2020-07-06,351,130667,,,,,,,442339,348817,549467,6025903,4703677,7583822,27460227,20476318,35658541,1.05453476439,0.908258362172,1.30159929043
2020-07-07,1224,131891,,,,,,,443924,349854,552384,6132875,4799609,7701682,27904151,20826172,36210925,1.04577325559,0.905028808358,1.29083565324
2020-07-08,850,132741,,,,,,,444855,350277,553935,6228527,4885359,7807001,28349006,21176449,36764860,1.03729205296,0.903143088156,1.28358211502
2020-07-09,1012,133753,,,,,,,445181,350127,555537,6312743,4960010,7901093,28794187,21526576,37320397,1.02917923929,0.901918842902,1.27418911848
2020-07-10,830,134583,,,,,,,444950,349527,555726,6385559,5023658,7983693,29239137,21876103,37876123,1.02149827822,0.898370368551,1.26598764332
2020-07-11,691,135274,,,,,,,444211,348211,556293,6447143,5076049,8055082,29683348,22224314,38432416,1.01429251343,0.897756513925,1.25312941632
2020-07-12,451,135725,,,,,,,443008,346125,556553,6497778,5117047,8116191,30126356,22570439,38988969,1.00758709479,0.896139687363,1.24143145074
2020-07-13,389,136114,,,,,,,441386,343710,555694,6537843,5146466,8167316,30567742,22914149,39544663,1.0013880085,0.894672925803,1.22952738256
2020-07-14,928,137042,,,,,,,439385,341532,554421,6567795,5165641,8208125,31007127,23255681,40099084,0.995682819794,0.893592329544,1.21396253728
2020-07-15,968,138010,,,,,,,437041,338363,553018,6588156,5175453,8239039,31444168,23594044,40652102,0.990447355142,0.892206010527,1.1986544496
2020-07-16,953,138963,,,,,,,434387,334916,550313,6599491,5175843,8259977,31878555,23928960,41202415,0.985655673522,0.890328239351,1.18912552577
2020-07-17,920,139883,,,,,,,431455,331543,548790,6602394,5168458,8273709,32310010,24260503,41751205,0.981286479578,0.887840402961,1.17394075407
2020-07-18,870,140753,,,,,,,428272,327925,546766,6597468,5153947,8280038,32738282,24588428,42297971,0.97732257397,0.886876013196,1.15677302556
2020-07-19,445,141198,,,,,,,424864,324391,545288,6585312,5133075,8280949,33163146,24912819,42843259,0.973746242514,0.883822284117,1.13594310285
2020-07-20,514,141712,,,,,,,421255,319926,542352,6566515,5105646,8275919,33584401,25232745,43385611,0.970535560933,0.883223980768,1.12789371436
2020-07-21,1109,142821,,,,,,,417464,316091,539617,6541640,5072922,8266082,34001865,25548836,43925228,0.96766374698,0.881180002467,1.10317660033
2020-07-22,1211,144032,,,,,,,413511,311542,536614,6511226,5034605,8250304,34415376,25860378,44461842,0.965100528169,0.879762387485,1.07597375974
2020-07-23,1121,145153,,,,,,,409414,307286,533693,6475785,4991624,8230056,34824790,26167664,44995535,0.962813928017,0.878250659186,1.06271754859
2020-07-24,1123,146276,,,,,,,405188,303137,530931,6435792,4944639,8205427,35229978,26470801,45526466,0.960771862738,0.87796087772,1.05300663516
2020-07-25,901,147177,,,,,,,400851,298570,527877,6391692,4893676,8177528,35630829,26769371,46054343,0.958943611694,0.8774312383,1.0469018439
2020-07-26,477,147654,,,,,,,396415,293392,524560,6343896,4838838,8145764,36027244,27062763,46578903,0.957301175749,0.875735164138,1.04477231817
2020-07-27,1125,148779,,,,,,,391894,288637,521490,6292782,4781323,8110705,36419138,27351400,47100393,0.955820296188,0.875060743523,1.03977915416
2020-07-28,1368,150147,,,,,,,387302,283547,517343,6238697,4721130,8072368,36806440,27634947,47617736,0.954480857259,0.874407880624,1.03533530691
2020-07-29,1436,151583,,,,,,,382649,279066,512657,6181961,4658640,8030637,37189089,27914013,48130393,0.953266562885,0.874016112827,1.03029420417
2020-07-30,1216,152799,,,,,,,377947,274135,507988,6122867,4594384,7985647,37567036,28188148,48638381,0.952164038274,0.87363811248,1.02819481196
2020-07-31,1246,154045,,,,,,,373205,268841,504358,6061685,4528279,7939754,37940241,28456989,49142739,0.951161710346,0.873272446649,1.02639255615
2020-08-01,1111,155156,,,,,,,368434,263865,500137,5998664,4460566,7891135,38308675,28720854,49642876,0.950248853378,0.872918063549,1.02464704331
2020-08-02,406,155562,,,,,,,363642,259341,496020,5934034,4391958,7840424,38672317,28980195,50138896,0.949415041419,0.872574174358,1.02373420112
2020-08-03,539,156101,,,,,,,358836,254660,491592,5868005,4322204,7786747,39031153,29234855,50630488,0.948650032358,0.872240172043,1.02284287296
2020-08-04,1378,157479,,,,,,,354025,249986,487184,5800776,4252249,7731594,39385178,29484841,51117672,0.947943947626,0.871915575617,1.02217888861
2020-08-05,1372,158851,,,,,,,349215,245340,482849,5732527,4181488,7674825,39734393,29730181,51600521,0.947287563438,0.871599991847,1.02151189821
2020-08-06,1250,160101,,,,,,,344413,240736,478546,5663430,4110670,7616755,40078806,29970917,52079067,0.94667257011,0.871287022181,1.02068024622
2020-08-07,1243,161344,,,,,,,339625,236038,473729,5593641,4039422,7556806,40418431,30206955,52552796,0.946091728155,0.87098818147,1.01994705725
2020-08-08,1076,162420,,,,,,,334856,231592,468920,5523308,3967879,7494807,40753287,30438547,53021716,0.945538910624,0.870697486208,1.01875486387
2020-08-09,515,162935,,,,,,,330110,227217,464523,5452568,3896527,7431455,41083397,30665764,53486239,0.94500905487,0.870414700245,1.01828668452
2020-08-10,525,163460,,,,,,,325392,222698,459435,5381545,3825833,7366337,41408789,30888462,53945674,0.944498057331,0.870139604065,1.0177221288
2020-08-11,1064,164524,,,,,,,320706,218186,454150,5310357,3755383,7299006,41729495,31106648,54399824,0.944002641691,0.869871990699,1.01711195577
2020-08-12,1507,166031,,,,,,,316055,213873,449537,5239110,3685713,7231222,42045550,31320521,54849361,0.94352022236,0.86961166291,1.01631560798
2020-08-13,1076,167107,,,,,,,311443,209766,444703,5167904,3616416,7163301,42356993,31530287,55294064,0.943048776676,0.869134693402,1.01560940396
2020-08-14,1342,168449,,,,,,,306872,205485,439674,5096829,3547766,7095007,42663865,31735772,55733738,0.942586732467,0.868577511672,1.01508053645
2020-08-15,1029,169478,,,,,,,302343,201140,434823,5025967,3480067,7025484,42966208,31936912,56168561,0.942132873166,0.868247704029,1.01468062679
2020-08-16,571,170049,,,,,,,297860,197122,430202,4955393,3413324,6955547,43264068,32134034,56598763,0.941686260007,0.867933234295,1.01431638825
2020-08-17,445,170494,,,,,,,293424,192861,425172,4885176,3346844,6884697,43557492,32326895,57023935,0.941246169558,0.867626269986,1.0139010633
2020-08-18,1324,171818,,,,,,,289036,188485,420225,4815376,3280669,6813329,43846528,32515380,57444160,0.940812044301,0.867278169389,1.01348446708
2020-08-19,1356,173174,,,,,,,284698,184412,415519,4746049,3215095,6741664,44131226,32699792,57859679,0.940383453988,0.867179932561,1.01305851306
2020-08-20,1078,174252,,,,,,,280410,180610,411122,4677243,3150361,6669937,44411636,32880402,58270801,0.939960065666,0.866576727101,1.01259202974
2020-08-21,1115,175367,,,,,,,276172,176779,406593,4609002,3086403,6597987,44687808,33057181,58677394,0.939541620559,0.866395352221,1.01213893827
2020-08-22,983,176350,,,,,,,271987,173092,402323,4541364,3023455,6526584,44959795,33230273,59079717,0.939127916335,0.866165070724,1.01164676583
2020-08-23,449,176799,,,,,,,267854,169386,398084,4474362,2961244,6455751,45227649,33399659,59477801,0.938718793543,0.865920396844,1.01106856405
2020-08-24,450,177249,,,,,,,264047,166109,394599,4408300,2900130,6385826,45491696,33565768,59872400,0.939185724871,0.869052691634,1.00934140097
2020-08-25,,,909,662,1222,178158,177911,178471,260288,162869,390886,4343196,2840295,6317268,45751984,33728637,60263286,0.939663893166,0.87094823398,1.00936657046
2020-08-26,,,899,651,1213,179056,178562,179684,256588,159628,387198,4279078,2781730,6250309,46008572,33888265,60650484,0.940152844415,0.870510236135,1.01226147225
2020-08-27,,,888,640,1204,179944,179203,180887,252961,156367,383646,4215984,2724218,6184411,46261533,34044632,61034130,0.940652528582,0.870041263727,1.01398727831
2020-08-28,,,878,629,1195,180822,179832,182081,249435,153159,380053,4153976,2667605,6119756,46510968,34197791,61414183,0.941162887154,0.868494971217,1.01657779266
2020-08-29,,,867,617,1187,181689,180450,183267,246036,150096,376185,4093141,2612209,6056270,46757004,34347887,61790368,0.94168384913,0.867359948139,1.02082077027
2020-08-30,,,856,606,1179,182545,181057,184446,242745,147217,372851,4033543,2558281,5994308,46999749,34495104,62163219,0.942215306554,0.865619733753,1.02410639422
2020-08-31,,,845,595,1169,183390,181652,185614,239544,144472,369789,3975227,2505630,5933904,47239293,34639576,62533008,0.942757108484,0.864280322577,1.02615127023
2020-09-01,,,834,585,1159,184225,182237,186772,236433,141751,365951,3918236,2454521,5874697,47475726,34781327,62898959,0.9433091359,0.86356130859,1.02855489803
2020-09-02,,,823,574,1150,185048,182812,187921,233414,138943,362688,3862614,2404982,5817179,47709140,34920270,63261647,0.943871294178,0.862726972568,1.03270591702
2020-09-03,,,812,563,1139,185860,183376,189060,230498,136074,359241,3808413,2356646,5760920,47939638,35056344,63620888,0.944443487011,0.862100897773,1.03632100569
2020-09-04,,,801,553,1129,186662,183929,190188,227683,133303,356684,3755687,2309339,5706491,48167321,35189647,63977572,0.945025613661,0.860501661466,1.04119065128
2020-09-05,,,790,542,1118,187452,184472,191305,224967,130702,355089,3704482,2263264,5654987,48392288,35320349,64332661,0.945617553586,0.859463197484,1.04733898771
2020-09-06,,,779,532,1108,188232,185005,192412,222348,128054,353605,3654843,2218229,5606264,48614636,35448403,64686266,0.946219182646,0.856270264622,1.0516188527
2020-09-07,,,769,522,1097,189000,185527,193509,219826,125700,352270,3606816,2174545,5560443,48834462,35574103,65038536,0.946830379142,0.854015513947,1.05573430403
2020-09-08,,,758,512,1085,189758,186040,194593,217404,123456,350728,3560172,2131893,5516557,49051866,35697559,65389264,0.947451020967,0.851805346633,1.05973451498
2020-09-09,,,747,502,1075,190505,186542,195667,215083,121163,349961,3514967,2090189,5475606,49266949,35818722,65739225,0.948080981558,0.850413718402,1.0637959322
2020-09-10,,,736,492,1063,191241,187034,196729,212865,118900,349338,3471244,2049463,5437717,49479814,35937622,66088563,0.948720125217,0.848487304842,1.06719761926
2020-09-11,,,725,482,1051,191966,187517,197780,210750,116743,348370,3429033,2009837,5402406,49690564,36054365,66436933,0.949368308226,0.84582124221,1.07162590641
2020-09-12,,,715,473,1040,192681,187990,198819,208737,114627,347835,3388336,1971303,5370148,49899301,36168992,66784768,0.950025381416,0.843689426708,1.07634776882
2020-09-13,,,704,463,1029,193386,188453,199848,206830,112409,346639,3349129,1933615,5340569,50106131,36281401,67131407,0.950691190318,0.840895074211,1.08103336489
2020-09-14,,,694,454,1018,194080,188908,200865,205030,110186,345681,3311414,1896584,5313377,50311161,36391587,67477088,0.951365574091,0.838115000742,1.08527008608
2020-09-15,,,684,444,1006,194764,189352,201870,203340,108151,345495,3275210,1860263,5289083,50514501,36499738,67822583,0.952051432925,0.835520485714,1.09166348301
2020-09-16,,,674,434,995,195438,189787,202864,201760,106264,346411,3240537,1824777,5269551,50716261,36606002,68168994,0.952752613158,0.832198131941,1.09702117247
2020-09-17,,,664,425,985,196102,190213,203848,200291,104322,347312,3207413,1790158,5254183,50916552,36710324,68516306,0.953465790097,0.829063301134,1.10076262983
2020-09-18,,,655,416,975,196757,190630,204822,198931,102409,349005,3175847,1756493,5243958,51115483,36812733,68865311,0.954178003201,0.826838542616,1.10695684078
2020-09-19,,,645,408,966,197402,191038,205787,197680,100567,351429,3145843,1723757,5238724,51313163,36913300,69216740,0.954859424445,0.826153384525,1.1126662646
2020-09-20,,,636,400,957,198037,191439,206743,196535,98641,354492,3117411,1691695,5238133,51509698,37011941,69571232,0.955520196978,0.823395294809,1.11818777349
2020-09-21,,,627,392,947,198664,191831,207689,195498,96727,357075,3090561,1660367,5241613,51705196,37108668,69928307,0.956159529807,0.821107632081,1.12333201444
2020-09-22,,,618,384,938,199282,192216,208626,194567,94983,360847,3065302,1629649,5250204,51899763,37203651,70289154,0.956800066436,0.819962753423,1.12787600197
2020-09-23,,,609,376,929,199891,192593,209554,193738,93272,364044,3041636,1599466,5263524,52093501,37296923,70653198,0.957403857521,0.819494205704,1.13129203569
2020-09-24,,,601,369,919,200492,192962,210473,193008,91642,368347,3019560,1569945,5281905,52286509,37388565,71021545,0.957992733905,0.819308661224,1.13132453922
2020-09-25,,,592,361,911,201084,193324,211382,192379,89863,372629,2999074,1540911,5305198,52478888,37478428,71394174,0.958548591051,0.818639279566,1.1327070021
2020-09-26,,,584,354,902,201668,193679,212283,191849,88277,377618,2980173,1512446,5334446,52670737,37566705,71771792,0.959066762298,0.816238857668,1.1347604045
2020-09-27,,,577,347,893,202245,194027,213176,191418,86574,382799,2962853,1484394,5369406,52862155,37653279,72154591,0.959537537565,0.814216819258,1.13910707903
2020-09-28,,,569,341,886,202814,194369,214061,191083,85052,387816,2947106,1457036,5410580,53053238,37738331,72542407,0.959994031852,0.81215445133,1.1381036645
2020-09-29,,,562,334,878,203376,194704,214937,190841,83557,395042,2932917,1430407,5459918,53244079,37821888,72937449,0.960420332388,0.810099117194,1.1387177186
2020-09-30,,,555,328,870,203930,195032,215806,190689,82068,401110,2920265,1404324,5515541,53434768,37903956,73338559,0.96082378796,0.808789566146,1.13886879493
2020-10-01,,,548,321,863,204478,195354,216668,190625,80622,406892,2909130,1378685,5576036,53625393,37984578,73745451,0.961196867056,0.807743589669,1.14149915941
2020-10-02,,,541,315,859,205019,195670,217525,190654,79206,413313,2899493,1353574,5642047,53816047,38063784,74158764,0.961523545781,0.805830389221,1.14047068764
2020-10-03,,,535,308,854,205554,195979,218378,190770,77943,419558,2891332,1329112,5712603,54006817,38141727,74578322,0.96184721121,0.804103683254,1.139503075
2020-10-04,,,529,303,851,206082,196282,219228,190973,76603,425512,2884626,1305151,5786694,54197790,38218330,75003834,0.962163321943,0.803133790733,1.14091039584
2020-10-05,,,523,297,847,206605,196580,220073,191261,75336,431656,2879351,1281848,5863865,54389051,38293666,75435490,0.962467086619,0.803051162991,1.13968726386
2020-10-06,,,517,292,845,207122,196872,220916,191631,74083,438446,2875484,1259205,5945241,54580682,38367749,75873936,0.962765337667,0.802985041511,1.13974961112
2020-10-07,,,512,286,844,207634,197159,221758,192080,72868,445102,2872997,1237091,6029500,54772762,38440617,76319038,0.963051238023,0.802676298112,1.13824595379
2020-10-08,,,506,281,841,208140,197441,222598,192610,71729,452064,2871869,1215547,6117520,54965372,38512346,76771102,0.963286734337,0.802083793928,1.13910987688
2020-10-09,,,501,275,838,208641,197717,223434,193218,70673,460358,2872080,1194580,6209519,55158590,38583019,77231460,0.963500342368,0.802043970287,1.13881389872
2020-10-10,,,497,271,836,209138,197988,224268,193902,69536,468411,2873603,1174255,6305288,55352492,38652555,77699871,0.963696996731,0.802004390513,1.13840542671
2020-10-11,,,492,266,833,209630,198255,225099,194661,68364,476329,2876415,1154341,6403989,55547153,38720919,78176200,0.96385623483,0.801970457095,1.1393261748
2020-10-12,,,488,260,833,210119,198516,225930,195489,67307,484208,2880487,1135072,6505391,55742642,38788226,78660408,0.963976601249,0.801218343418,1.14203073222
2020-10-13,,,484,256,835,210603,198772,226763,196390,66243,492218,2885793,1116264,6609783,55939032,38854469,79152626,0.96406883757,0.801137142921,1.14044728802
2020-10-14,,,481,251,836,211083,199024,227597,197359,65307,500278,2892311,1098017,6714992,56136391,38919776,79652904,0.964140995007,0.801091372841,1.13937558694
2020-10-15,,,477,247,837,211560,199272,228432,198394,64330,508391,2900017,1080280,6822245,56334785,38984106,80161295,0.964202826175,0.801047568952,1.13730733503
2020-10-16,,,474,242,842,212034,199515,229272,199491,63459,516915,2908883,1063116,6932230,56534276,39047565,80678210,0.964252445082,0.801005645434,1.13541235349
2020-10-17,,,471,238,848,212505,199754,230117,200649,62643,525780,2918878,1046555,7044650,56734925,39110208,81203990,0.964276903028,0.800965520357,1.13493626744
2020-10-18,,,468,234,854,212973,199989,230969,201867,61809,533937,2929975,1030423,7158975,56936792,39172017,81737927,0.964289274795,0.800927116702,1.13328490848
2020-10-19,,,466,229,862,213439,200219,231828,203141,60932,541762,2942143,1014751,7275168,57139933,39232949,82279689,0.964287927166,0.800890361537,1.13270536856
2020-10-20,,,464,225,868,213903,200445,232693,204471,60182,549756,2955354,999595,7393209,57344404,39293131,82829445,0.964265430917,0.800855185005,1.1333586495
2020-10-21,,,462,221,877,214364,200667,233567,205853,59370,557576,2969576,984879,7512279,57550257,39352501,83387021,0.96423406762,0.800757863452,1.13159520863
2020-10-22,,,460,217,886,214824,200885,234449,207285,58569,565932,2984781,970576,7633059,57757542,39411070,83952953,0.964186936891,0.800551063981,1.1299226356
2020-10-23,,,458,213,896,215283,201100,235342,208765,57913,574519,3000936,956759,7755474,57966307,39468983,84527472,0.964120952047,0.800522650344,1.12824712119
2020-10-24,,,457,210,907,215740,201310,236245,210290,57134,582984,3018007,943221,7878061,58176597,39526117,85110456,0.964032200046,0.80049545828,1.12690199003
2020-10-25,,,456,206,917,216196,201517,237159,211857,56498,591833,3035962,930185,8001446,58388454,39582615,85702289,0.963929932014,0.800469259995,1.12529607504
2020-10-26,,,455,202,931,216652,201721,238085,213463,55798,600699,3054764,917620,8125785,58601917,39638413,86302988,0.963809918918,0.80044436279,1.12398348251
2020-10-27,,,455,199,946,217106,201920,239027,215105,55249,609660,3074380,905558,8251214,58817022,39693662,86912648,0.963666449085,0.800420536273,1.12206888382
2020-10-28,,,454,195,958,217561,202117,239981,216781,54623,617586,3094772,893939,8376586,59033803,39748285,87530234,0.963506678794,0.80039773439,1.12091460885
2020-10-29,,,454,192,974,218015,202310,240951,218489,54007,625990,3115902,882639,8502303,59252292,39802292,88156224,0.963333426046,0.800375913074,1.11774843056
2020-10-30,,,454,188,988,218469,202500,241935,220226,53520,633890,3137734,871828,8627827,59472518,39855812,88790114,0.963142480076,0.80035503017,1.11690598188
2020-10-31,,,455,185,1004,218924,202686,242935,221988,53012,641410,3160230,861380,8752334,59694506,39908824,89431524,0.962932824419,0.80033504533,1.11665908098
2020-11-01,,,455,182,1017,219379,202869,243947,223771,52512,649722,3183353,851248,8876268,59918277,39961336,90081246,0.962700867207,0.800315919921,1.11695130485
