date,actual_deaths,total_deaths,predicted_deaths_mean,predicted_deaths_lower,predicted_deaths_upper,predicted_total_deaths_mean,predicted_total_deaths_lower,predicted_total_deaths_upper,predicted_new_infected_mean,predicted_new_infected_lower,predicted_new_infected_upper,predicted_current_infected_mean,predicted_current_infected_lower,predicted_current_infected_upper,predicted_total_infected_mean,predicted_total_infected_lower,predicted_total_infected_upper,r_values_mean,r_values_lower,r_values_upper
2020-02-05,0,0,,,,,,,126,65,178,126,65,178,126,65,178,2.27540273749,2.1,2.4
2020-02-06,0,0,,,,,,,126,65,178,252,130,356,252,130,356,2.27539285565,2.09999226907,2.39999975893
2020-02-07,0,0,,,,,,,126,65,178,378,195,534,378,195,534,2.27538954229,2.09998963562,2.39999963293
2020-02-08,0,0,,,,,,,126,65,178,504,260,712,504,260,712,2.27538510444,2.09998604063,2.3999994356
2020-02-09,0,0,,,,,,,291,163,406,795,438,1105,795,423,1118,2.27537915508,2.09998119842,2.39999913959
2020-02-10,0,0,,,,,,,291,163,406,1086,607,1505,1086,586,1524,2.27537117178,2.09997463579,2.39999867192
2020-02-11,0,0,,,,,,,291,163,406,1378,774,1909,1377,749,1930,2.27536044848,2.09996579389,2.39999797064
2020-02-12,0,0,,,,,,,291,163,406,1669,939,2312,1668,912,2336,2.27534602967,2.09995386983,2.39999693681
2020-02-13,0,0,,,,,,,475,283,652,2143,1242,2945,2143,1195,2988,2.27532662051,2.0999377893,2.39999527039
2020-02-14,0,0,,,,,,,685,415,932,2828,1662,3871,2828,1610,3920,2.27527343346,2.09988755193,2.39997225921
2020-02-15,0,0,,,,,,,1159,715,1530,3987,2428,5371,3987,2325,5450,2.27523476283,2.09985460743,2.39996682767
2020-02-16,0,0,,,,,,,2171,1330,2786,6158,3873,8101,6158,3655,8236,2.27517602978,2.09980420598,2.39995323911
2020-02-17,0,0,,,,,,,3590,2338,4548,9748,6339,12562,9748,5993,12784,2.27510051778,2.09974003747,2.39993698133
2020-02-18,0,0,,,,,,,4011,2653,5088,13759,9033,17623,13759,8646,17872,2.27500130345,2.09965655341,2.39991539102
2020-02-19,0,0,,,,,,,4691,3161,5929,18449,12254,23518,18450,11807,23801,2.27486924424,2.09954654773,2.39988573942
2020-02-20,0,0,,,,,,,4831,3266,6119,23155,15466,29453,23281,15073,29920,2.2746911698,2.09939974583,2.39984294032
2020-02-21,0,0,,,,,,,5363,3683,6782,28392,19109,36038,28644,18756,36702,2.27444950571,2.09920271403,2.39978153557
2020-02-22,0,0,,,,,,,6446,4493,8160,34712,23584,43979,35090,23249,44862,2.27412385795,2.09894306341,2.39969604849
2020-02-23,0,0,,,,,,,7760,5504,9786,42346,29113,53519,42850,28753,54648,2.27368495245,2.09860781611,2.39957542447
2020-02-24,0,0,,,,,,,9829,6961,12432,51884,35987,65487,52679,35714,67080,2.27309098745,2.09816409523,2.39940686611
2020-02-25,0,0,,,,,,,14956,10194,18994,66549,46174,83959,67635,45908,86074,2.27228443211,2.09757717136,2.39916088371
2020-02-26,0,0,,,,,,,18194,12598,23111,84451,58650,106628,85829,58506,109185,2.27118596403,2.09679974882,2.39879986918
2020-02-27,0,0,,,,,,,19805,13667,25340,103965,72166,131548,105634,72173,134525,2.26968786815,2.09577022933,2.39827284933
2020-02-28,0,0,,,,,,,23895,16366,30841,127385,88245,161722,129529,88539,165366,2.26764173139,2.0944204359,2.39750114972
2020-02-29,1,1,,,,,,,28975,19375,37965,155676,107208,198709,158504,107914,203331,2.26484253433,2.09258144113,2.39636734026
2020-03-01,0,1,,,,,,,37356,24551,49601,191873,131098,246670,195860,132465,252932,2.26100827747,2.09018612894,2.39476068256
2020-03-02,5,6,,,,,,,46266,30155,62011,235967,160017,305762,242126,162620,314943,2.25575307486,2.08681480113,2.39263089721
2020-03-03,1,7,,,,,,,57192,37075,77167,289570,194840,378253,299318,199695,392110,2.2485528365,2.08195027835,2.38956097458
2020-03-04,4,11,,,,,,,69702,44752,94578,355261,237030,467620,369020,244447,486688,2.23870226891,2.07594793219,2.38502989575
2020-03-05,1,12,,,,,,,86474,55173,118096,437044,289127,579645,455494,299620,604784,2.22526590287,2.06708257027,2.37770441767
2020-03-06,2,14,,,,,,,105012,66409,144845,537224,352356,718199,560506,366029,749629,2.20703103845,2.05329669113,2.36747572615
2020-03-07,3,17,,,,,,,125876,79668,174855,657737,428380,886099,686382,445697,924484,2.18247905954,2.03215142344,2.3518648062
2020-03-08,4,21,,,,,,,148701,95568,206397,799992,519409,1084220,835083,541265,1130881,2.14980631675,2.00222046249,2.32897138046
2020-03-09,1,22,,,,,,,173042,113927,238669,965274,627701,1313086,1008125,655192,1369550,2.10704251408,1.9468250515,2.29492493122
2020-03-10,6,28,,,,,,,198477,134588,272885,1153923,755116,1573562,1206602,789780,1642435,2.05232211897,1.8723924348,2.26585965197
2020-03-11,5,33,,,,,,,222077,150974,303312,1361044,895878,1857747,1428679,940754,1945747,1.98433473079,1.78394249619,2.23014042116
2020-03-12,10,43,,,,,,,242821,165149,325147,1585671,1048339,2159814,1671500,1105903,2270894,1.90288562011,1.68891745728,2.18864152759
2020-03-13,9,52,,,,,,,260478,176904,347852,1826344,1211509,2482346,1931978,1282807,2618746,1.809361003,1.57159297673,2.12428004283
2020-03-14,6,58,,,,,,,274390,186788,365725,2076839,1381868,2817215,2206368,1469595,2984471,1.70683137967,1.46500372452,2.05522076357
2020-03-15,12,70,,,,,,,285286,195444,377843,2333151,1557953,3156988,2491654,1665039,3362314,1.59966175459,1.34302303416,1.99099633871
2020-03-16,27,97,,,,,,,293082,202933,390616,2588877,1736439,3497853,2784736,1867972,3752930,1.49276037867,1.22967521313,1.90791871091
2020-03-17,35,132,,,,,,,298313,208987,397717,2840924,1915450,3833391,3083049,2076959,4150647,1.39076229387,1.13412749473,1.80274653585
2020-03-18,59,191,,,,,,,301613,214219,399860,3085345,2092844,4155854,3384662,2291178,4550507,1.29740475561,1.06154091335,1.68459805513
2020-03-19,77,268,,,,,,,303406,218722,401033,3319049,2267161,4462011,3688068,2509900,4951540,1.21519803573,1.00877775709,1.56841691548
2020-03-20,99,367,,,,,,,304139,222037,401829,3536714,2434539,4745378,3992207,2731937,5353369,1.14536151672,0.971466186738,1.44144963551
2020-03-21,95,462,,,,,,,303938,225131,402125,3735641,2593871,5002308,4296145,2957068,5755494,1.08794909161,0.945144473338,1.33589108833
2020-03-22,148,610,,,,,,,302951,227797,398764,3912716,2742716,5225854,4599096,3184865,6154258,1.04210236702,0.926466664221,1.24708924814
2020-03-23,187,797,,,,,,,301364,229545,393492,4065379,2877493,5412592,4900460,3414410,6547750,1.00637755802,0.912829572213,1.17076094214
2020-03-24,242,1039,,,,,,,299270,230472,388237,4191607,2994910,5561819,5199730,3644882,6935987,0.979076190279,0.904683960483,1.10530548465
2020-03-25,316,1355,,,,,,,296749,230860,381316,4289880,3092172,5669926,5496479,3875742,7317303,0.958510529547,0.891531161107,1.05447921723
2020-03-26,422,1777,,,,,,,293831,230918,374156,4361634,3173099,5740512,5790310,4106660,7691459,0.943169274679,0.876037270395,1.01812930015
2020-03-27,561,2338,,,,,,,290531,230390,367128,4409344,3239212,5782059,6080841,4337050,8058587,0.931790219262,0.865175839978,0.994449203701
2020-03-28,654,2992,,,,,,,286884,229507,359879,4435750,3292467,5793676,6367725,4566557,8418466,0.923368400347,0.858299727814,0.975919032914
2020-03-29,634,3626,,,,,,,282952,228270,352315,4444311,3334390,5779878,6650677,4794827,8770781,0.917129575007,0.853256698402,0.965360930308
2020-03-30,834,4460,,,,,,,278700,225138,344589,4437725,3364160,5746244,6929377,5019965,9115370,0.912490563088,0.848780776333,0.957415150552
2020-03-31,1255,5715,,,,,,,274196,222083,337059,4418838,3383014,5692534,7203573,5242048,9452429,0.909018786382,0.846153096353,0.952792192939
2020-04-01,1268,6983,,,,,,,269472,217904,330219,4389997,3391170,5625042,7473045,5459952,9782648,0.906396656981,0.844217389983,0.94929774186
2020-04-02,1613,8596,,,,,,,264564,213423,323609,4352948,3389331,5548866,7737609,5673375,10106257,0.904392567788,0.842681318073,0.946775936393
2020-04-03,1337,9933,,,,,,,259510,208794,317011,4309052,3378165,5464991,7997119,5882169,10423268,0.902838318037,0.841281518649,0.944859314194
2020-04-04,1327,11260,,,,,,,254339,204197,310609,4259252,3359125,5374178,8251458,6086366,10733877,0.901612043573,0.840101437447,0.943451917716
2020-04-05,1502,12762,,,,,,,249090,199687,304132,4204404,3332527,5276859,8500548,6286053,11038009,0.900625546812,0.839354979944,0.942517830677
2020-04-06,1739,14501,,,,,,,243799,195186,297918,4145251,3298952,5176774,8744347,6481239,11335927,0.899815005133,0.838680795068,0.941423214474
2020-04-07,2379,16880,,,,,,,238499,190512,291990,4082386,3259178,5076100,8982846,6671751,11627917,0.899134209455,0.837889492022,0.940621682093
2020-04-08,2182,19062,,,,,,,233222,185975,286096,4016337,3214156,4974820,9216068,6857726,11914013,0.898549667761,0.837364689165,0.93993784351
2020-04-09,2151,21213,,,,,,,227993,181550,280014,3947581,3164532,4874276,9444061,7039276,12194027,0.898037069376,0.837000409171,0.939457206888
2020-04-10,2146,23359,,,,,,,222834,177116,274372,3876583,3110565,4775098,9666895,7216392,12468399,0.897578735814,0.836485895279,0.939067927597
2020-04-11,2124,25483,,,,,,,217762,172812,268696,3803814,3052926,4677113,9884657,7389204,12737095,0.897156574777,0.835999555226,0.938726411387
2020-04-12,1853,27336,,,,,,,212787,168577,263232,3729717,2991978,4580738,10097444,7557781,13000327,0.896768203813,0.835575743212,0.938326528737
2020-04-13,1906,29242,,,,,,,207920,164489,258170,3654685,2928156,4486709,10305364,7722270,13258497,0.896406566214,0.835198921023,0.937943908649
2020-04-14,2457,31699,,,,,,,203162,160366,252949,3579148,2863313,4395073,10508526,7882636,13511446,0.896066370425,0.834789358558,0.937635394951
2020-04-15,2609,34308,,,,,,,198518,156351,247918,3503469,2797475,4305875,10707044,8038987,13759364,0.895749381484,0.834477031301,0.937352800537
2020-04-16,2175,36483,,,,,,,193985,152490,243164,3427983,2731970,4218744,10901029,8191477,14002528,0.895443296716,0.834184008514,0.93704317066
2020-04-17,2666,39149,,,,,,,189563,148658,238420,3352982,2667146,4133483,11090592,8340135,14240948,0.895152284222,0.833931777756,0.936733221536
2020-04-18,2445,41594,,,,,,,185251,144897,233766,3278723,2603213,4050206,11275843,8485032,14474714,0.894874525917,0.833774454909,0.936427073664
2020-04-19,1276,42870,,,,,,,181044,141199,229477,3205428,2540192,3969090,11456887,8626231,14704191,0.894609264338,0.833580268919,0.936128822648
2020-04-20,1834,44704,,,,,,,176941,137417,225051,3133279,2477913,3890058,11633828,8763648,14929242,0.894356619702,0.833431361045,0.935859420592
2020-04-21,2504,47208,,,,,,,172937,133828,220825,3062417,2416559,3813045,11806765,8897476,15150067,0.89411507155,0.833351552414,0.935601821239
2020-04-22,2431,49639,,,,,,,169031,130291,216836,2992949,2356343,3737973,11975796,9027767,15366903,0.893888256083,0.833270289622,0.935338119154
2020-04-23,2466,52105,,,,,,,165221,126756,212766,2924949,2297139,3664727,12141017,9154523,15579669,0.893678382197,0.83330593368,0.935124537962
2020-04-24,2154,54259,,,,,,,161507,123301,208862,2858463,2238909,3593663,12302524,9277824,15788531,0.893488238254,0.833295902355,0.934847503005
2020-04-25,1697,55956,,,,,,,157886,119938,205081,2793516,2181754,3524458,12460410,9397762,15993612,0.893322927854,0.833168675689,0.934674505552
2020-04-26,1330,57286,,,,,,,154360,116635,201455,2730114,2125596,3457300,12614770,9514397,16195067,0.893188741455,0.833193186073,0.934458621096
2020-04-27,1467,58753,,,,,,,150925,113431,198005,2668252,2070470,3392137,12765695,9627828,16393072,0.893094990581,0.833132554343,0.9342454207
2020-04-28,2241,60994,,,,,,,147582,110353,194522,2607914,2016355,3328553,12913277,9738181,16587594,0.893054046767,0.833020291259,0.934154219538
2020-04-29,2521,63515,,,,,,,144330,107294,191070,2549081,1963307,3266725,13057607,9845475,16778664,0.893082636874,0.832934453807,0.93401213277
2020-04-30,2324,65839,,,,,,,141171,104340,187631,2491735,1911319,3206490,13198778,9949815,16966295,0.893203224398,0.83300912987,0.9338539158
2020-05-01,1891,67730,,,,,,,138106,101452,184386,2435856,1860292,3147760,13336884,10051267,17150681,0.893445644957,0.833174269924,0.93380036848
2020-05-02,1692,69422,,,,,,,135137,98659,181332,2381430,1810298,3090709,13472021,10149926,17332013,0.893849052411,0.833213826101,0.933933596882
2020-05-03,1121,70543,,,,,,,132267,95995,178339,2328447,1761396,3035314,13604288,10245921,17510352,0.894463959618,0.833367511174,0.934072507152
2020-05-04,1333,71876,,,,,,,129498,93509,175515,2276900,1713689,2981384,13733786,10339430,17685867,0.895354000145,0.833531593885,0.934212372
2020-05-05,2318,74194,,,,,,,126836,91033,172686,2226796,1667286,2929040,13860622,10430463,17858553,0.896596708616,0.83378952459,0.935476399316
2020-05-06,2363,76557,,,,,,,124285,88593,169898,2178143,1622032,2878126,13984907,10519056,18028451,0.898282260642,0.834482707745,0.940966139186
2020-05-07,1936,78493,,,,,,,121853,86361,167413,2130965,1578086,2828711,14106760,10605417,18195864,0.900508954372,0.83526965355,0.947093188873
2020-05-08,1747,80240,,,,,,,119547,84278,165089,2085291,1535589,2781034,14226307,10689695,18360953,0.903374752049,0.836337122312,0.966415212635
2020-05-09,1488,81728,,,,,,,117377,82315,162905,2041161,1494585,2735069,14343684,10772010,18523858,0.906965985597,0.838090629243,0.985403841273
2020-05-10,894,82622,,,,,,,115354,80528,160799,1998628,1455158,2690781,14459038,10852538,18684657,0.911347137257,0.840786296445,1.00871533497
2020-05-11,1015,83637,,,,,,,113491,78811,158855,1957759,1417319,2648174,14572529,10931349,18843512,0.916557265073,0.844158068632,1.02912503267
2020-05-12,1626,85263,,,,,,,111801,77210,157091,1918635,1381086,2607251,14684330,11008559,19000603,0.922615751582,0.849020178968,1.05880097691
2020-05-13,1763,87026,,,,,,,110300,75787,155452,1881353,1346507,2568175,14794630,11084346,19156055,0.929532557246,0.855956675794,1.08849478927
2020-05-14,1783,88809,,,,,,,109002,74546,154142,1846026,1313749,2531240,14903632,11158892,19310197,0.937313073782,0.865725713094,1.1128985596
2020-05-15,1681,90490,,,,,,,107923,73464,153197,1812777,1282868,2496797,15011555,11232356,19463394,0.945952672327,0.876619925638,1.13536170458
2020-05-16,1216,91706,,,,,,,107077,72568,152448,1781748,1253979,2464842,15118632,11304924,19615842,0.955427295197,0.877686373375,1.15198399059
2020-05-17,758,92464,,,,,,,106479,71893,151786,1753089,1227215,2435280,15225111,11376817,19767628,0.965689937801,0.877848268888,1.16590251651
2020-05-18,776,93240,,,,,,,106140,71425,151442,1726963,1202655,2408369,15331251,11448242,19919070,0.976672717084,0.878458692627,1.17744105423
2020-05-19,1555,94795,,,,,,,106075,71163,151652,1703540,1180326,2384489,15437326,11519405,20070722,0.988283628103,0.87929672896,1.199098221
2020-05-20,1579,96374,,,,,,,106295,71143,152077,1682999,1160458,2363857,15543621,11590548,20222799,1.00039378125,0.879793580202,1.20784881576
2020-05-21,1234,97608,,,,,,,106809,71488,152808,1665523,1143379,2346742,15650430,11662036,20375607,1.01282984237,0.880923876624,1.2165096687
2020-05-22,1273,98881,,,,,,,107626,71975,153885,1651296,1129025,2333192,15758056,11734011,20529492,1.02539226037,0.881532923363,1.23105558369
2020-05-23,1130,100011,,,,,,,108755,72847,155312,1640504,1117633,2323393,15866811,11806858,20684804,1.0378992099,0.882584940001,1.24226657544
2020-05-24,614,100625,,,,,,,110205,73897,157033,1633333,1109256,2317501,15977016,11880755,20841837,1.05022961872,0.883922381398,1.25006206894
2020-05-25,523,101148,,,,,,,111982,75306,159087,1629961,1104074,2315768,16088998,11956061,21000924,1.06233747883,0.887058939549,1.25552321426
2020-05-26,695,101843,,,,,,,114104,77066,161554,1630574,1102369,2318451,16203102,12033127,21162478,1.07423448986,0.890744650564,1.26155462969
2020-05-27,1518,103361,,,,,,,116578,79097,164489,1635352,1104290,2325828,16319680,12112224,21326967,1.08595895369,0.896002794484,1.27529192716
2020-05-28,1192,104553,,,,,,,119411,81424,167902,1644463,1109962,2338264,16439091,12193648,21494869,1.09754275569,0.903299460386,1.28752605872
2020-05-29,1171,105724,,,,,,,122612,84027,171906,1658073,1119473,2356007,16561703,12277675,21666775,1.10898081886,0.9125724905,1.29638578308
2020-05-30,979,106703,,,,,,,126196,86963,176057,1676347,1132994,2378834,16687899,12364638,21842832,1.12022890538,0.923895567503,1.30261846283
2020-05-31,591,107294,,,,,,,130179,90285,180720,1699448,1150731,2407065,16818078,12454923,22023552,1.13115277174,0.93335002655,1.30677933979
2020-06-01,777,108071,,,,,,,134578,93926,185981,1727548,1172777,2441216,16952656,12548849,22209533,1.14158723203,0.937437626666,1.30954036063
2020-06-02,1043,109114,,,,,,,139406,97912,192010,1760814,1199276,2481728,17092062,12646761,22401543,1.1513365453,0.942997820325,1.31132799341
2020-06-03,1011,110125,,,,,,,144683,102297,198778,1799422,1230419,2528788,17236745,12749058,22600321,1.16024365782,0.949664377903,1.31256695979
2020-06-04,1023,111148,,,,,,,150426,107088,205760,1843552,1266374,2582401,17387171,12856146,22806081,1.16822264591,0.959027841879,1.31312733885
2020-06-05,949,112097,,,,,,,156653,112144,213112,1893396,1307031,2642631,17543824,12968290,23019193,1.17523415586,0.970704657367,1.31338691457
2020-06-06,687,112784,,,,,,,163380,117666,221405,1949150,1352723,2710074,17707204,13085956,23240598,1.18130253751,0.986056441567,1.31344791397
2020-06-07,447,113231,,,,,,,170628,123608,230027,2011022,1403486,2784722,17877832,13209564,23470625,1.18642426095,1.00669640544,1.31279215965
2020-06-08,513,113744,,,,,,,178411,129980,239539,2079228,1459570,2867166,18056243,13339544,23710164,1.19062457873,1.02920617635,1.31266606107
2020-06-09,945,114689,,,,,,,186743,136650,250292,2153988,1520917,2958299,18242986,13476194,23960456,1.19392234915,1.05439404999,1.31194404515
2020-06-10,918,115607,,,,,,,195630,143907,261346,2235514,1587766,3058036,18438616,13620101,24221802,1.1963290851,1.0688498834,1.31110963485
2020-06-11,888,116495,,,,,,,205077,151498,273222,2324013,1660178,3166714,18643693,13771599,24495024,1.19787546517,1.08205906005,1.31034809271
2020-06-12,832,117327,,,,,,,215076,159512,286119,2419678,1738273,3284857,18858769,13931111,24781143,1.19854687384,1.08384110467,1.30996246849
2020-06-13,763,118090,,,,,,,225613,168289,299506,2522678,1822538,3412377,19084382,14099400,25080649,1.19835009915,1.07471987985,1.31158213029
2020-06-14,308,118398,,,,,,,236660,177078,313592,2633142,1912644,3549830,19321042,14276478,25394241,1.19728763433,1.06190694109,1.31115351101
2020-06-15,391,118789,,,,,,,248174,186514,327785,2751137,2008858,3696833,19569216,14462992,25722026,1.19539271374,1.05136932995,1.31088117178
2020-06-16,843,119632,,,,,,,260098,196049,342394,2876657,2110969,3853209,19829314,14659041,26064420,1.19270416533,1.04519253779,1.31063874835
2020-06-17,752,120384,,,,,,,272358,205708,357315,3009608,2218768,4018477,20101672,14864749,26421735,1.18923009018,1.03765510366,1.31012803303
2020-06-18,710,121094,,,,,,,284868,215671,372144,3149793,2332147,4191835,20386540,15080420,26793879,1.18500961648,1.03198836981,1.31011366759
2020-06-19,672,121766,,,,,,,297527,225872,386188,3296894,2450934,4372306,20684067,15306292,27180067,1.18007019919,1.02271774694,1.30957861011
2020-06-20,613,122379,,,,,,,310226,236075,400301,3450467,2574869,4559566,20994293,15542367,27580368,1.17445919788,1.01229597964,1.30885586899
2020-06-21,284,122663,,,,,,,322849,246252,413298,3609936,2703448,4751551,21317142,15788619,27993666,1.16825670587,1.00194619221,1.30873861003
2020-06-22,387,123050,,,,,,,335279,256378,426521,3774587,2836196,4948149,21652421,16044997,28420187,1.16153988629,0.992575338595,1.30831368744
2020-06-23,847,123897,,,,,,,347400,267141,439595,3943577,2973307,5148296,21999821,16312138,28859782,1.15440280934,0.989641665827,1.30781452288
2020-06-24,764,124661,,,,,,,359103,277214,451651,4115936,3113816,5349706,22358924,16589352,29311433,1.14694221371,0.981191081321,1.30667678264
2020-06-25,559,125220,,,,,,,370291,287558,463911,4290597,3257409,5552306,22729215,16876910,29775344,1.13926268849,0.975344998054,1.30509154818
2020-06-26,612,125832,,,,,,,380886,297535,475600,4466405,3403399,5754685,23110101,17174445,30250944,1.13143491086,0.967190453703,1.30450743537
2020-06-27,500,126332,,,,,,,390827,307250,487289,4642156,3551106,5955841,23500928,17481695,30738233,1.12349843035,0.954601843802,1.30308799794
2020-06-28,251,126583,,,,,,,400077,315178,496958,4816620,3698020,6153261,23901005,17796873,31235191,1.11548190999,0.94630319138,1.30170431768
2020-06-29,364,126947,,,,,,,408617,322861,507328,4988577,3843865,6346976,24309622,18119734,31742519,1.10739818636,0.941568654903,1.29982388121
2020-06-30,735,127682,,,,,,,416442,329249,517524,5156845,3986697,6536702,24726064,18448983,32260043,1.09926342929,0.938606417146,1.29742870463
2020-07-01,687,128369,,,,,,,423560,333835,526807,5320308,4124570,6721137,25149624,18782818,32786850,1.09109637752,0.933294592317,1.29474378544
2020-07-02,724,129093,,,,,,,429984,337571,535924,5477934,4256497,6899803,25579608,19120389,33322774,1.08293249212,0.9279914729,1.29171883862
2020-07-03,653,129746,,,,,,,435730,340756,545072,5628796,4381623,7072823,26015338,19461145,33867846,1.07482673278,0.926910383837,1.28818936465
2020-07-04,271,130017,,,,,,,440820,343337,553503,5772089,4499092,7240231,26456158,19804482,34421349,1.06684993312,0.922964973143,1.28346571348
2020-07-05,299,130316,,,,,,,445277,345046,561870,5907140,4608032,7401888,26901435,20149528,34983219,1.05907330491,0.917761251117,1.27729372376
2020-07-06,351,130667,,,,,,,449127,345868,570196,6033418,4707587,7558846,27350562,20495396,35553415,1.05155293341,0.914440142182,1.26843879512
2020-07-07,1224,131891,,,,,,,452399,346392,578799,6150538,4797510,7711159,27802961,20841788,36132214,1.04433162458,0.912376066276,1.25813175176
2020-07-08,850,132741,,,,,,,455122,345985,587147,6258261,4876263,7858733,28258083,21187773,36719361,1.03743871029,0.910347962366,1.24861478347
2020-07-09,1012,133753,,,,,,,457327,345392,594908,6356485,4944369,8001983,28715410,21533165,37314269,1.03088890783,0.908249679312,1.24200712833
2020-07-10,830,134583,,,,,,,459043,344546,601394,6445238,5001317,8139423,29174453,21877711,37915663,1.02468334777,0.906410611895,1.23387172486
2020-07-11,691,135274,,,,,,,460302,343662,606541,6524654,5047425,8270288,29634755,22221373,38522204,1.01881551811,0.902643438144,1.22521729611
2020-07-12,451,135725,,,,,,,461132,341477,611223,6594959,5081646,8394147,30095887,22562850,39133427,1.01327974531,0.901685931354,1.21633268281
2020-07-13,389,136114,,,,,,,461563,339711,616171,6656445,5106189,8513261,30557450,22902561,39749598,1.00807693321,0.900156981398,1.20565358993
2020-07-14,928,137042,,,,,,,461622,337847,620729,6709450,5121171,8626572,31019072,23240408,40370327,1.00321470998,0.898873278513,1.18817778152
2020-07-15,968,138010,,,,,,,461334,335309,625461,6754342,5127214,8734414,31480406,23575717,40995788,0.998703448844,0.898608301814,1.17308978164
2020-07-16,953,138963,,,,,,,460722,332030,627406,6791504,5125398,8834941,31941128,23907747,41623194,0.994551365579,0.897809689424,1.1590632423
2020-07-17,920,139883,,,,,,,459808,329385,629287,6821328,5117203,8928277,32400936,24237132,42252481,0.990760707443,0.894858031921,1.13502118353
2020-07-18,870,140753,,,,,,,458613,326356,630135,6844211,5102796,9013352,32859549,24563488,42882616,0.987325524257,0.893990405804,1.11924724451
2020-07-19,445,141198,,,,,,,457154,323298,630198,6860545,5082751,9090106,33316703,24886786,43512814,0.984231074775,0.89322767818,1.09959994491
2020-07-20,514,141712,,,,,,,455450,320137,630756,6870718,5057837,9159059,33772153,25206923,44143570,0.981454912218,0.892749985334,1.08142845184
2020-07-21,1109,142821,,,,,,,453516,316595,631025,6875107,5028554,9219954,34225669,25523518,44774595,0.978969366038,0.892313987529,1.07042082047
2020-07-22,1211,144032,,,,,,,451368,312991,631188,6874077,4995135,9272379,34677037,25836509,45405783,0.976744672674,0.891757878522,1.057535958
2020-07-23,1121,145153,,,,,,,449020,309160,631092,6867974,4958285,9316348,35126057,26145669,46036875,0.974751843044,0.891128239011,1.0468759479
2020-07-24,1123,146276,,,,,,,446485,305388,630176,6857133,4918255,9351643,35572542,26451057,46667051,0.972964569926,0.890591741944,1.04226405725
2020-07-25,901,147177,,,,,,,443775,301783,629371,6841864,4875464,9379633,36016317,26752840,47296422,0.971359904828,0.89031785996,1.03876958838
2020-07-26,477,147654,,,,,,,440900,298293,627864,6822463,4830063,9400970,36457217,27051133,47924286,0.969917886742,0.889308958046,1.0364939564
2020-07-27,1125,148779,,,,,,,437872,294645,626734,6799203,4783201,9416471,36895089,27345778,48551020,0.968620621763,0.888641113884,1.03481193599
2020-07-28,1368,150147,,,,,,,434698,290990,624762,6772338,4734457,9425029,37329787,27636768,49175782,0.967451373082,0.887961590913,1.02974127606
2020-07-29,1436,151583,,,,,,,431389,287243,621793,6742104,4683828,9426061,37761176,27924011,49797575,0.966394032491,0.887041396502,1.02832550205
2020-07-30,1216,152799,,,,,,,427952,283436,619795,6708722,4631928,9420371,38189128,28207447,50417370,0.96543305407,0.886185101198,1.02755425661
2020-07-31,1246,154045,,,,,,,424396,279841,617290,6672395,4579721,9410237,38613524,28487288,51034660,0.964553709909,0.885739485777,1.02683199935
2020-08-01,1111,155156,,,,,,,420729,275745,615058,6633316,4526071,9395990,39034253,28763033,51649718,0.963742454546,0.885260379061,1.02612913256
2020-08-02,406,155562,,,,,,,416961,271606,611545,6591665,4471317,9377357,39451214,29034639,52261263,0.962987229009,0.884733730864,1.02525612292
2020-08-03,539,156101,,,,,,,413100,267869,608946,6547611,4415885,9356041,39864314,29302508,52870209,0.962277623007,0.884194346846,1.0238722026
2020-08-04,1378,157479,,,,,,,409154,263962,606014,6501316,4359705,9331225,40273468,29566470,53476223,0.961604888308,0.883788756978,1.0231091845
2020-08-05,1372,158851,,,,,,,405132,260018,601743,6452932,4303119,9301900,40678600,29826488,54077966,0.960961837243,0.88334266164,1.02234996842
2020-08-06,1250,160101,,,,,,,401043,255958,596983,6402606,4246074,9267668,41079643,30082446,54674949,0.960342671768,0.883285930986,1.02157009728
2020-08-07,1243,161344,,,,,,,396893,251949,592425,6350479,4188853,9229033,41476536,30334395,55267374,0.959742783074,0.882937544796,1.02082406363
2020-08-08,1076,162420,,,,,,,392693,247903,587784,6296687,4131359,9186722,41869229,30582298,55855158,0.959158550137,0.882597630755,1.02012278804
2020-08-09,,,1078,796,1438,163498,163216,163858,388450,243899,583065,6241362,4073466,9140520,42257679,30826197,56438223,,,
2020-08-10,,,1081,792,1450,164579,164009,165307,384172,240015,578786,6184634,4015181,9091574,42641851,31066212,57017009,,,
2020-08-11,,,1082,789,1461,165661,164798,166768,379867,236163,573184,6126629,3956692,9038142,43021718,31302375,57590193,,,
2020-08-12,,,1083,784,1472,166744,165583,168240,375540,232232,567616,6067471,3897932,8981111,43397258,31534607,58157809,,,
2020-08-13,,,1083,779,1479,167826,166363,169718,371200,228275,561941,6007283,3838960,8921368,43768458,31762882,58719750,,,
2020-08-14,,,1082,773,1489,168908,167136,171206,366851,224461,556328,5946182,3779982,8857989,44135309,31987343,59276078,,,
2020-08-15,,,1081,767,1491,169989,167904,172697,362498,220664,550472,5884285,3720804,8791252,44497807,32208007,59826550,,,
2020-08-16,,,1078,759,1495,171067,168664,174192,358147,216695,544708,5821703,3661757,8720978,44855954,32424702,60371258,,,
2020-08-17,,,1076,753,1499,172143,169417,175690,353801,213010,539379,5758542,3603167,8648858,45209755,32637712,60910637,,,
2020-08-18,,,1072,746,1503,173215,170163,177192,349463,209418,534138,5694905,3544724,8574077,45559218,32847130,61444775,,,
2020-08-19,,,1068,738,1505,174284,170901,178697,345137,205953,528757,5630888,3486722,8496828,45904355,33053083,61973532,,,
2020-08-20,,,1064,730,1507,175348,171632,180203,340827,202422,523366,5566582,3429131,8418452,46245182,33255505,62496898,,,
2020-08-21,,,1059,721,1508,176407,172353,181710,336533,198922,517107,5502073,3372099,8338572,46581715,33454427,63014005,,,
2020-08-22,,,1053,713,1510,177460,173066,183220,332259,195639,511062,5437439,3315789,8257199,46913974,33650066,63525067,,,
2020-08-23,,,1048,704,1510,178508,173771,184729,328007,192366,505308,5372753,3260253,8174715,47241981,33842432,64030375,,,
2020-08-24,,,1041,697,1508,179549,174469,186236,324091,189424,500521,5308394,3205778,8092168,47566072,34031856,64530896,,,
2020-08-25,,,1034,688,1505,180583,175157,187740,320194,186486,495182,5244416,3152250,8008563,47886266,34218342,65026078,,,
2020-08-26,,,1027,680,1501,181611,175838,189240,316332,183490,490031,5180882,3099577,7925412,48202598,34401832,65516109,,,
2020-08-27,,,1020,671,1497,182630,176509,190737,312521,180476,484964,5117863,3047822,7842762,48515119,34582308,66001073,,,
2020-08-28,,,1012,662,1492,183642,177172,192228,308793,177424,480071,5055455,2996970,7760890,48823912,34759732,66481144,,,
2020-08-29,,,1004,654,1487,184646,177826,193713,305181,174687,474949,4993785,2947195,7679508,49129093,34934419,66956093,,,
2020-08-30,,,995,644,1480,185641,178471,195192,301660,172001,470544,4932947,2898531,7599582,49430753,35106420,67426637,,,
2020-08-31,,,987,635,1473,186628,179107,196664,298214,169266,466160,4873014,2851102,7521031,49728967,35275686,67892797,,,
2020-09-01,,,978,626,1466,187606,179734,198129,294842,166431,461582,4814055,2804525,7443231,50023809,35442117,68354379,,,
2020-09-02,,,969,618,1456,188575,180353,199583,291547,163689,457976,4756138,2758801,7367073,50315356,35605806,68812355,,,
2020-09-03,,,959,608,1446,189534,180961,201028,288340,161138,454064,4699341,2713990,7292385,50603696,35766944,69266419,,,
2020-09-04,,,950,599,1436,190484,181561,202462,285223,159220,450485,4643736,2670789,7219518,50888919,35926164,69716904,,,
2020-09-05,,,940,590,1426,191424,182152,203886,282190,156619,447302,4589394,2628488,7149725,51171109,36082783,70164206,,,
2020-09-06,,,930,580,1416,192354,182733,205300,279241,154326,443451,4536376,2587180,7082124,51450350,36237109,70607657,,,
2020-09-07,,,920,571,1406,193274,183305,206704,276375,152057,439641,4484744,2546877,7016467,51726725,36389166,71047298,,,
2020-09-08,,,910,562,1395,194185,183867,208097,273596,149835,437320,4434248,2507293,6953287,52000321,36539001,71484618,,,
2020-09-09,,,900,553,1382,195085,184421,209477,270905,147578,435016,4384959,2468387,6893141,52271226,36686579,71919634,,,
2020-09-10,,,890,544,1370,195975,184966,210845,268303,145425,432886,4336929,2430319,6836014,52539529,36832004,72352520,,,
2020-09-11,,,880,535,1356,196855,185502,212199,265789,143263,430133,4290198,2393105,6781194,52805318,36975267,72782653,,,
2020-09-12,,,870,526,1342,197725,186029,213539,263365,141023,428153,4244770,2356704,6729283,53068683,37116290,73210806,,,
2020-09-13,,,859,518,1328,198584,186547,214865,261032,138854,426227,4200621,2320870,6680557,53329715,37255144,73637033,,,
2020-09-14,,,849,509,1315,199433,187057,216179,258790,136857,424984,4157752,2285724,6635005,53588505,37392001,74062017,,,
2020-09-15,,,839,500,1304,200273,187557,217481,256642,134961,423818,4116180,2251417,6592665,53845147,37526962,74485835,,,
2020-09-16,,,829,492,1290,201102,188050,218769,254589,132991,423874,4075927,2217976,6554951,54099736,37659953,74909709,,,
2020-09-17,,,819,484,1278,201921,188534,220046,252628,131116,423916,4037009,2185401,6520876,54352364,37791069,75333625,,,
2020-09-18,,,809,476,1265,202730,189011,221309,250759,129174,423292,3999427,2153437,6490092,54603123,37920243,75756917,,,
2020-09-19,,,800,468,1251,203530,189480,222558,248978,127145,423216,3963183,2121360,6462811,54852101,38047388,76180133,,,
2020-09-20,,,790,461,1238,204320,189941,223795,247285,125249,422857,3928278,2089988,6438364,55099386,38172637,76602990,,,
2020-09-21,,,780,453,1225,205100,190396,225018,245681,123304,423512,3894718,2058968,6418438,55345067,38295941,77026502,,,
2020-09-22,,,771,446,1213,205871,190842,226229,244163,121309,424646,3862505,2028221,6403459,55589230,38417250,77451148,,,
2020-09-23,,,762,439,1200,206633,191282,227428,242729,119312,424585,3831638,1997702,6390743,55831959,38536562,77875733,,,
2020-09-24,,,753,432,1188,207386,191716,228614,241376,117477,425310,3802110,1967604,6381057,56073335,38654039,78301043,,,
2020-09-25,,,744,425,1176,208130,192142,229789,240103,115925,426932,3773910,1938103,6375115,56313438,38769964,78727975,,,
2020-09-26,,,735,418,1164,208865,192561,230951,238909,114331,429014,3747029,1909171,6373997,56552347,38884295,79156989,,,
2020-09-27,,,727,412,1153,209592,192973,232102,237793,112650,431143,3721456,1880799,6376987,56790140,38996945,79588132,,,
2020-09-28,,,719,405,1141,210311,193380,233241,236752,110971,434008,3697177,1852916,6384762,57026892,39107916,80022140,,,
2020-09-29,,,711,399,1131,211022,193779,234370,235783,109287,436536,3674169,1825351,6396314,57262675,39217203,80458676,,,
2020-09-30,,,703,392,1122,211724,194172,235489,234884,107599,438236,3652411,1797990,6410732,57497559,39324802,80896912,,,
2020-10-01,,,695,386,1113,212419,194560,236600,234055,105992,441125,3631877,1770995,6427982,57731614,39430794,81338037,,,
2020-10-02,,,687,380,1105,213107,194941,237703,233294,104318,443348,3612543,1744200,6447403,57964908,39535112,81781385,,,
2020-10-03,,,680,375,1096,213787,195317,238797,232602,102987,446312,3594386,1718015,6470409,58197510,39638099,82227697,,,
2020-10-04,,,673,369,1088,214460,195687,239882,231974,101531,449651,3577382,1692401,6496838,58429484,39739630,82677348,,,
2020-10-05,,,666,364,1079,215126,196052,240959,231408,100167,452761,3561505,1667317,6526743,58660892,39839797,83130109,,,
2020-10-06,,,660,358,1073,215786,196411,242030,230903,98853,455982,3546727,1642867,6559224,58891795,39938650,83586091,,,
2020-10-07,,,653,353,1068,216439,196766,243095,230458,97308,458978,3533022,1618871,6593570,59122253,40035958,84045069,,,
2020-10-08,,,647,348,1060,217086,197115,244152,230072,95858,463046,3520365,1595422,6632048,59352325,40131816,84508115,,,
2020-10-09,,,641,343,1054,217727,197459,245204,229741,94460,466057,3508731,1572409,6672812,59582066,40226276,84974172,,,
2020-10-10,,,635,338,1049,218362,197798,246250,229464,93061,469661,3498092,1549544,6715548,59811530,40319337,85443833,,,
2020-10-11,,,630,333,1044,218991,198132,247291,229241,91858,472953,3488424,1527066,6759476,60040771,40411195,85916786,,,
2020-10-12,,,624,328,1041,219616,198462,248329,229066,90571,475769,3479697,1504980,6804080,60269837,40501766,86392555,,,
2020-10-13,,,619,324,1040,220235,198787,249365,228940,89280,479385,3471885,1483282,6849435,60498777,40591046,86871940,,,
2020-10-14,,,614,319,1039,220849,199107,250400,228861,88010,483125,3464963,1462001,6896007,60727638,40679056,87355065,,,
2020-10-15,,,609,314,1038,221458,199423,251435,228827,86868,487143,3458907,1441267,6944885,60956465,40765924,87842208,,,
2020-10-16,,,605,310,1037,222063,199734,252467,228837,85846,490847,3453689,1421117,6994576,61185302,40851770,88333055,,,
2020-10-17,,,601,305,1035,222664,200041,253498,228887,84641,494758,3449281,1401437,7045957,61414189,40936411,88827813,,,
2020-10-18,,,596,301,1034,223260,200343,254528,228975,83538,498194,3445655,1381987,7097806,61643164,41019949,89326007,,,
2020-10-19,,,593,296,1036,223853,200640,255560,229101,82433,502077,3442781,1362886,7150197,61872265,41102382,89828084,,,
2020-10-20,,,589,291,1037,224442,200933,256593,229260,81552,504965,3440633,1344268,7202374,62101525,41183934,90333049,,,
2020-10-21,,,585,287,1038,225027,201221,257627,229452,80634,508919,3439182,1326046,7255290,62330977,41264568,90841968,,,
2020-10-22,,,582,282,1040,225609,201505,258663,229675,79544,512910,3438399,1308284,7309214,62560652,41344112,91354878,,,
2020-10-23,,,579,278,1044,226188,201785,259702,229927,78506,516540,3438254,1290935,7362706,62790579,41422618,91871418,,,
2020-10-24,,,576,275,1047,226765,202061,260744,230205,77715,520055,3438718,1274192,7416709,63020784,41500333,92391473,,,
2020-10-25,,,573,271,1051,227338,202334,261791,230508,76854,523986,3439762,1257984,7471037,63251292,41577187,92915459,,,
2020-10-26,,,571,267,1058,227909,202602,262844,230834,76151,528259,3441355,1242275,7526341,63482126,41653338,93443718,,,
2020-10-27,,,569,263,1062,228478,202867,263901,231182,75389,532644,3443471,1227088,7583207,63713308,41728727,93976362,,,
2020-10-28,,,566,259,1067,229044,203127,264962,231548,74693,536414,3446080,1212496,7640227,63944856,41803420,94512776,,,
2020-10-29,,,564,255,1073,229608,203384,266030,231932,73956,540200,3449151,1198440,7697300,64176788,41877376,95052976,,,
2020-10-30,,,563,252,1079,230171,203638,267103,232332,73244,543997,3452655,1184813,7754151,64409120,41950620,95596973,,,
2020-10-31,,,561,248,1085,230732,203887,268182,232744,72560,547880,3456562,1171525,7811184,64641864,42023180,96144853,,,
2020-11-01,,,559,244,1093,231291,204134,269269,233166,71917,551886,3460842,1158800,7868312,64875030,42095097,96696739,,,
