date,actual_deaths,total_deaths,predicted_deaths_mean,predicted_deaths_lower,predicted_deaths_upper,predicted_total_deaths_mean,predicted_total_deaths_lower,predicted_total_deaths_upper,predicted_new_infected_mean,predicted_new_infected_lower,predicted_new_infected_upper,predicted_current_infected_mean,predicted_current_infected_lower,predicted_current_infected_upper,predicted_total_infected_mean,predicted_total_infected_lower,predicted_total_infected_upper,r_values_mean,r_values_lower,r_values_upper
2020-02-05,0,0,,,,,,,126,65,178,126,65,178,126,65,178,2.2742639066,2.1,2.4
2020-02-06,0,0,,,,,,,126,65,178,252,130,356,252,130,356,2.27425391259,2.09999226444,2.39999975935
2020-02-07,0,0,,,,,,,126,65,178,378,195,534,378,195,534,2.27425056438,2.09998963351,2.39999963397
2020-02-08,0,0,,,,,,,126,65,178,503,260,712,504,260,712,2.2742460809,2.09998602751,2.39999943609
2020-02-09,0,0,,,,,,,291,163,406,794,438,1104,795,423,1118,2.27424007179,2.09998116708,2.39999914036
2020-02-10,0,0,,,,,,,291,163,406,1085,607,1504,1086,586,1524,2.27423201029,2.09997460082,2.39999867378
2020-02-11,0,0,,,,,,,291,163,406,1376,773,1907,1377,749,1930,2.27422118471,2.09996574931,2.39999797092
2020-02-12,0,0,,,,,,,291,163,406,1667,939,2311,1668,912,2336,2.27420663216,2.0999538132,2.39999693751
2020-02-13,0,0,,,,,,,475,283,652,2142,1241,2943,2143,1195,2988,2.27418704827,2.09993771766,2.39999527939
2020-02-14,0,0,,,,,,,684,414,931,2827,1661,3868,2827,1609,3919,2.27413362653,2.0998874416,2.39997206922
2020-02-15,0,0,,,,,,,1159,715,1528,3985,2426,5366,3986,2324,5447,2.27409465762,2.09985449966,2.39996683303
2020-02-16,0,0,,,,,,,2170,1329,2784,6155,3870,8094,6156,3653,8231,2.27403553871,2.09980404467,2.39995324077
2020-02-17,0,0,,,,,,,3584,2334,4544,9740,6333,12551,9740,5987,12775,2.27395952438,2.09973983076,2.39993699552
2020-02-18,0,0,,,,,,,4006,2651,5086,13745,9024,17611,13746,8638,17861,2.27385965817,2.09965630348,2.39991539524
2020-02-19,0,0,,,,,,,4684,3157,5926,18430,12241,23503,18430,11795,23787,2.27372675531,2.09954625032,2.39988577643
2020-02-20,0,0,,,,,,,4825,3262,6115,23128,15449,29434,23255,15057,29902,2.27354759296,2.09939938204,2.39984296039
2020-02-21,0,0,,,,,,,5358,3680,6777,28361,19088,36014,28613,18737,36679,2.27330453108,2.09920224741,2.39978159027
2020-02-22,0,0,,,,,,,6442,4491,8159,34677,23560,43955,35055,23228,44838,2.27297709211,2.09894264736,2.39969630414
2020-02-23,0,0,,,,,,,7757,5503,9786,42308,29089,53495,42812,28731,54624,2.27253590227,2.09860746786,2.39957514852
2020-02-24,0,0,,,,,,,9823,6957,12432,51839,35959,65464,52635,35688,67056,2.27193904367,2.09816246789,2.39939917195
2020-02-25,0,0,,,,,,,14948,10190,18992,66496,46141,83933,67583,45878,86048,2.27112885404,2.09757346203,2.39914467073
2020-02-26,0,0,,,,,,,18170,12576,23102,84376,58595,106592,85753,58454,109150,2.27002587074,2.09679276769,2.39877990728
2020-02-27,0,0,,,,,,,19782,13639,25324,103866,72083,131496,105535,72093,134474,2.26852224337,2.09575823294,2.39824642957
2020-02-28,0,0,,,,,,,23863,16339,30827,127255,88136,161656,129398,88432,165301,2.26646945973,2.09441323811,2.39746323986
2020-02-29,1,1,,,,,,,28935,19339,37947,155505,107063,198627,158333,107771,203248,2.26366249173,2.09257743622,2.39630860264
2020-03-01,0,1,,,,,,,37308,24506,49591,191654,130910,246580,195641,132277,252839,2.25981951224,2.09017908923,2.39475016195
2020-03-02,5,6,,,,,,,46200,30102,61997,235683,159776,305660,241841,162379,314836,2.25455513634,2.08679936288,2.39260062425
2020-03-03,1,7,,,,,,,57111,37015,77144,289209,194541,378132,298952,199394,391980,2.24734633356,2.08193729966,2.38953903732
2020-03-04,4,11,,,,,,,69600,44605,94513,354804,236590,467436,368552,243999,486493,2.23748976912,2.07594298123,2.38481650095
2020-03-05,1,12,,,,,,,86348,55025,118004,436468,288543,579372,454900,299024,604497,2.22405329696,2.06698731066,2.37761566174
2020-03-06,2,14,,,,,,,104864,66244,144771,536507,351609,717856,559764,365268,749268,2.20582946197,2.0531831101,2.36735044212
2020-03-07,3,17,,,,,,,125701,79443,174825,656849,427408,885729,685465,444711,924093,2.18130731797,2.03212089209,2.35147736182
2020-03-08,4,21,,,,,,,148499,95341,206199,798906,518211,1083650,833964,540052,1130292,2.14869339372,2.00185328781,2.3286679662
2020-03-09,1,22,,,,,,,172816,113741,238479,963965,626320,1312322,1006780,653793,1368771,2.10602906948,1.94671241615,2.29476263585
2020-03-10,6,28,,,,,,,198235,134447,272761,1152377,753600,1572669,1205015,788240,1641532,2.0514590308,1.87063466102,2.26502889033
2020-03-11,5,33,,,,,,,221827,150790,303205,1359256,894183,1856747,1426842,939030,1944737,1.98367640052,1.78388953367,2.22986032821
2020-03-12,10,43,,,,,,,242574,164906,325002,1583660,1046424,2158681,1669416,1103936,2269739,1.90247727674,1.68832762869,2.18467861787
2020-03-13,9,52,,,,,,,260246,176675,347708,1824124,1209396,2481091,1929662,1280611,2617447,1.80922332875,1.5715320101,2.12471408524
2020-03-14,6,58,,,,,,,274182,186626,365628,2074443,1379618,2815880,2203844,1467237,2983075,1.70695013905,1.46458836537,2.05473524677
2020-03-15,12,70,,,,,,,285111,195246,377680,2330619,1555535,3155514,2488955,1662483,3360755,1.59998975911,1.34297527631,1.99049454624
2020-03-16,27,97,,,,,,,292942,202761,390550,2586253,1733880,3496318,2781897,1865244,3751305,1.49323225598,1.22954648871,1.90677545329
2020-03-17,35,132,,,,,,,298208,208901,397497,2838262,1912849,3831655,3080105,2074145,4148802,1.39131434225,1.13418688809,1.80175136551
2020-03-18,59,191,,,,,,,301541,214207,399802,3082692,2090286,4154084,3381646,2288352,4548604,1.29798948744,1.06161410222,1.68466245622
2020-03-19,77,268,,,,,,,303360,218678,400881,3316452,2264701,4460166,3685006,2507030,4949485,1.21578768394,1.00886650666,1.56860908046
2020-03-20,99,367,,,,,,,304115,222037,401584,3534219,2432223,4743400,3989121,2729067,5351069,1.14594270006,0.971572655045,1.44274155391
2020-03-21,95,462,,,,,,,303932,225186,401903,3733288,2591759,5000190,4293053,2954253,5752972,1.0885153481,0.945269351847,1.33615966572
2020-03-22,148,610,,,,,,,302958,227908,398707,3910545,2740922,5223709,4596011,3182161,6151679,1.04264951186,0.92664601985,1.24713269247
2020-03-23,187,797,,,,,,,301382,229728,393496,4063429,2876099,5410649,4897393,3411889,6545175,1.00690242412,0.913152824405,1.17213371381
2020-03-24,242,1039,,,,,,,299297,230565,388191,4189909,2993796,5560027,5196690,3642454,6933366,0.979576923996,0.904888835932,1.10532126466
2020-03-25,316,1355,,,,,,,296783,230943,381217,4288457,3091279,5668154,5493473,3873397,7314583,0.958986895398,0.893067302319,1.0550018915
2020-03-26,422,1777,,,,,,,293870,231013,374219,4360500,3172492,5738903,5787343,4104410,7688802,0.943622501993,0.879093019128,1.01816634956
2020-03-27,561,2338,,,,,,,290575,230448,366885,4408502,3238913,5780360,6077918,4334858,8055687,0.93222254596,0.868231787682,0.994764363924
2020-03-28,654,2992,,,,,,,286932,229696,359864,4435188,3292593,5792096,6364850,4564554,8415551,0.923782568847,0.859818315187,0.976509078058
2020-03-29,634,3626,,,,,,,283003,228438,352304,4444009,3334850,5778375,6647853,4792992,8767855,0.917528429117,0.853593097492,0.965467674564
2020-03-30,834,4460,,,,,,,278754,225340,344491,4437652,3365032,5744807,6926607,5018332,9112346,0.912876785874,0.849010125153,0.957603155499
2020-03-31,1255,5715,,,,,,,274253,222255,337014,4418963,3384243,5691110,7200860,5240587,9449360,0.909394760989,0.846398284658,0.953023808154
2020-04-01,1268,6983,,,,,,,269532,218076,330035,4390287,3392661,5623657,7470392,5458663,9779395,0.906764414706,0.844425659766,0.949389249936
2020-04-02,1613,8596,,,,,,,264627,213574,323516,4353374,3390994,5547437,7735019,5672237,10102911,0.904753789897,0.842789817935,0.946789473219
2020-04-03,1337,9933,,,,,,,259576,209033,316910,4309589,3380116,5463607,7994595,5881270,10419821,0.903194366326,0.841417126967,0.944954202218
2020-04-04,1327,11260,,,,,,,254409,204455,310496,4259883,3361343,5372926,8249004,6085725,10730317,0.90196400324,0.840189925175,0.943544285679
2020-04-05,1502,12762,,,,,,,249163,199940,304112,4205114,3334947,5275799,8498167,6285665,11034429,0.900974271792,0.839477100099,0.942558663339
2020-04-06,1739,14501,,,,,,,243875,195408,297945,4146031,3301487,5175785,8742042,6481073,11332374,0.900161160652,0.838708427776,0.941586033821
2020-04-07,2379,16880,,,,,,,238579,190814,291956,4083228,3261835,5075067,8980621,6671887,11624330,0.899478309431,0.838001171886,0.94064161308
2020-04-08,2182,19062,,,,,,,233306,186262,286082,4017237,3217007,4973815,9213927,6858149,11910412,0.898892106382,0.837555873506,0.939965160263
2020-04-09,2151,21213,,,,,,,228081,181733,279945,3948535,3167483,4873299,9442008,7039882,12190357,0.89837814705,0.837096593856,0.939498330448
2020-04-10,2146,23359,,,,,,,222925,177309,274305,3877590,3113617,4773999,9664933,7217191,12464662,0.897918680098,0.836583005374,0.939124676886
2020-04-11,2124,25483,,,,,,,217857,172993,268650,3804871,3056102,4676218,9882790,7390184,12733312,0.897495742433,0.83603187897,0.938758120754
2020-04-12,1853,27336,,,,,,,212886,168726,263221,3730826,2995112,4579850,10095676,7558910,12996533,0.897106399586,0.835607716295,0.938357909556
2020-04-13,1906,29242,,,,,,,208022,164644,258157,3655845,2931274,4485823,10303698,7723554,13254690,0.896743934969,0.835263358555,0.937994307172
2020-04-14,2457,31699,,,,,,,203268,160575,252968,3580360,2866438,4394308,10506966,7884129,13507658,0.896403011333,0.83480891947,0.937665596927
2020-04-15,2609,34308,,,,,,,198627,156612,248020,3504733,2800689,4305264,10705593,8040741,13755678,0.896085383014,0.83451373231,0.937368122006
2020-04-16,2175,36483,,,,,,,194098,152762,243227,3429299,2735282,4218380,10899691,8193503,13998905,0.895778577841,0.834198624399,0.937089708373
2020-04-17,2666,39149,,,,,,,189679,148812,238388,3354350,2670459,4133181,11089370,8342315,14237293,0.895486877592,0.83395930684,0.936809266422
2020-04-18,2445,41594,,,,,,,185370,145065,233786,3280144,2606455,4050029,11274740,8487380,14471079,0.895208458088,0.833801903719,0.93652086445
2020-04-19,1276,42870,,,,,,,181166,141335,229490,3206901,2543313,3969038,11455906,8628715,14700569,0.894942480916,0.833620598733,0.936242543245
2020-04-20,1834,44704,,,,,,,177065,137573,225098,3134803,2480939,3890074,11632971,8766288,14925667,0.894689068894,0.833488313759,0.935975766002
2020-04-21,2504,47208,,,,,,,173064,133980,220916,3063991,2419518,3813128,11806035,8900268,15146583,0.894446688722,0.833399839857,0.935691312916
2020-04-22,2431,49639,,,,,,,169161,130384,216846,2994573,2359095,3738099,11975196,9030652,15363429,0.894218878543,0.83331444945,0.93541824517
2020-04-23,2466,52105,,,,,,,165353,126974,212849,2926620,2299825,3664948,12140549,9157626,15576278,0.894007839752,0.833318295545,0.935186700481
2020-04-24,2154,54259,,,,,,,161640,123513,208916,2860180,2241621,3594005,12302189,9281139,15785194,0.893816301012,0.833298251915,0.93492941779
2020-04-25,1697,55956,,,,,,,158022,120093,205130,2795276,2184425,3524913,12460211,9401232,15990324,0.89364924098,0.833170254577,0.934718429454
2020-04-26,1330,57286,,,,,,,154497,116848,201518,2731916,2128298,3457863,12614708,9518080,16191842,0.893512823649,0.83319649947,0.93457991571
2020-04-27,1467,58753,,,,,,,151065,113636,197908,2670095,2073228,3392615,12765773,9631716,16389750,0.893416179734,0.833137362968,0.934375621391
2020-04-28,2241,60994,,,,,,,147723,110580,194480,2609795,2019184,3329001,12913496,9742296,16584230,0.893371432741,0.833024293342,0.934187757095
2020-04-29,2521,63515,,,,,,,144472,107551,191135,2550999,1966183,3267217,13057968,9849847,16775365,0.893394972841,0.832952928582,0.93401307637
2020-04-30,2324,65839,,,,,,,141315,104632,187813,2493688,1914223,3207062,13199283,9954479,16963178,0.893508811785,0.833056338974,0.933857171228
2020-05-01,1891,67730,,,,,,,138252,101747,184516,2437842,1863216,3148396,13337535,10056226,17147694,0.893742182417,0.833211863579,0.933764260227
2020-05-02,1692,69422,,,,,,,135284,98956,181388,2383447,1813366,3091431,13472819,10155182,17329082,0.894133454136,0.833239899818,0.933895238551
2020-05-03,1121,70543,,,,,,,132415,96268,178483,2330493,1764566,3036159,13605234,10251450,17507565,0.894732144136,0.833380800526,0.933901462069
2020-05-04,1333,71876,,,,,,,129647,93738,175554,2278974,1716956,2982254,13734881,10345188,17683119,0.895600670055,0.833533903915,0.934134748269
2020-05-05,2318,74194,,,,,,,126986,91281,172640,2228895,1670646,2929820,13861867,10436469,17855759,0.896815163593,0.833854111382,0.935174711534
2020-05-06,2363,76557,,,,,,,124436,88918,169984,2180267,1625568,2878901,13986303,10525387,18025743,0.898464317213,0.834521857674,0.940453653549
2020-05-07,1936,78493,,,,,,,122005,86666,167469,2133111,1581834,2829530,14108308,10612053,18193212,0.900645076316,0.835325407544,0.946617376157
2020-05-08,1747,80240,,,,,,,119699,84540,165068,2087458,1539386,2781750,14228007,10696593,18358280,0.903454501174,0.836346042622,0.963255888773
2020-05-09,1488,81728,,,,,,,117530,82579,162945,2043347,1498436,2735776,14345537,10779172,18521225,0.906978848151,0.838286166512,0.984561155458
2020-05-10,894,82622,,,,,,,115507,80718,160936,2000832,1459047,2691574,14461044,10859890,18682161,0.911283644603,0.841158657459,1.00849092052
2020-05-11,1015,83637,,,,,,,113644,79010,158910,1959979,1421197,2648959,14574688,10938900,18841071,0.916410153415,0.844533776244,1.02912723899
2020-05-12,1626,85263,,,,,,,111955,77410,157133,1920870,1384963,2608179,14686643,11016310,18998204,0.922380829773,0.849399848639,1.05909570325
2020-05-13,1763,87026,,,,,,,110454,75989,155533,1883601,1350360,2569227,14797097,11092299,19153737,0.929209098847,0.856341198086,1.08873079677
2020-05-14,1783,88809,,,,,,,109156,74761,154177,1848285,1317562,2532265,14906253,11167060,19307914,0.936903847262,0.866116337047,1.11164394117
2020-05-15,1681,90490,,,,,,,108077,73678,153191,1815047,1286601,2497634,15014330,11240738,19461105,0.945463884561,0.876662964788,1.1330001379
2020-05-16,1216,91706,,,,,,,107232,72783,152474,1784027,1257632,2465575,15121562,11313521,19613579,0.954868547846,0.87778146589,1.14948126859
2020-05-17,758,92464,,,,,,,106633,72103,151784,1755376,1230780,2435955,15228195,11385624,19765363,0.96507396651,0.878151506299,1.16342586918
2020-05-18,776,93240,,,,,,,106295,71660,151368,1729256,1206181,2408824,15334490,11457284,19916731,0.976014610936,0.878555434019,1.17494695327
2020-05-19,1555,94795,,,,,,,106230,71467,151494,1705839,1183926,2384746,15440720,11528751,20068225,0.987599546379,0.879469208206,1.19917342579
2020-05-20,1579,96374,,,,,,,106450,71503,151907,1685303,1164168,2363991,15547170,11600254,20220132,0.999699559504,0.879908556759,1.20792438697
2020-05-21,1234,97608,,,,,,,106964,71773,152637,1667831,1147050,2346620,15654134,11672027,20372769,1.01213993146,0.880991398732,1.21665666564
2020-05-22,1273,98881,,,,,,,107780,72325,153674,1653606,1132739,2332798,15761914,11744352,20526443,1.02471920975,0.881535330633,1.23111731547
2020-05-23,1130,100011,,,,,,,108909,73165,154941,1642816,1121400,2322651,15870823,11817517,20681384,1.03725371361,0.88265525299,1.24231032472
2020-05-24,614,100625,,,,,,,110357,74260,156514,1635644,1113123,2316203,15981180,11891777,20837898,1.0496211233,0.884210698728,1.25017900646
2020-05-25,523,101148,,,,,,,112133,75614,158630,1632270,1108064,2313872,16093313,11967391,20996528,1.06177530516,0.887299421555,1.25569463611
2020-05-26,695,101843,,,,,,,114253,77320,161084,1632879,1106411,2316018,16207566,12044711,21157612,1.07372915539,0.89066936712,1.26155667839
2020-05-27,1518,103361,,,,,,,116725,79333,163950,1637649,1108368,2322809,16324291,12124044,21321562,1.08552308047,0.89620510018,1.27529563863
2020-05-28,1192,104553,,,,,,,119555,81617,167393,1646750,1114029,2334641,16443846,12205661,21488955,1.09719094833,0.903719626126,1.28753038279
2020-05-29,1171,105724,,,,,,,122753,84279,171395,1660346,1123575,2351827,16566599,12289940,21660350,1.10872905793,0.913069189885,1.29638816658
2020-05-30,979,106703,,,,,,,126332,87216,175586,1678601,1137133,2374178,16692931,12377156,21835936,1.12009333907,0.924209928936,1.30262037576
2020-05-31,591,107294,,,,,,,130310,90565,180209,1701680,1154931,2401867,16823241,12467721,22016145,1.13114717023,0.933127415326,1.30678105748
2020-06-01,777,108071,,,,,,,134704,94232,185437,1729750,1177072,2435469,16957945,12561953,22201582,1.14172283965,0.938423238587,1.30954168661
2020-06-02,1043,109114,,,,,,,139526,98215,191505,1762982,1203636,2475549,17097471,12660168,22393087,1.15162211393,0.943831228733,1.31132848492
2020-06-03,1011,110125,,,,,,,144796,102620,198131,1801548,1234796,2522120,17242267,12762788,22591218,1.16068569934,0.950379273947,1.31257254645
2020-06-04,1023,111148,,,,,,,150532,107423,205176,1845630,1270721,2575315,17392799,12870211,22796394,1.1688236038,0.959262945695,1.31313061812
2020-06-05,949,112097,,,,,,,156751,112624,212598,1895418,1311578,2635202,17549550,12982835,23008992,1.17599304093,0.971337022838,1.31338769344
2020-06-06,687,112784,,,,,,,163470,118146,220911,1951108,1357403,2702358,17713020,13100981,23229903,1.18221485494,0.98616265018,1.31344829491
2020-06-07,447,113231,,,,,,,170709,123881,229386,2012909,1408123,2776737,17883729,13224862,23459289,1.18748315923,1.00742156862,1.31279541492
2020-06-08,513,113744,,,,,,,178483,130329,239023,2081034,1464189,2859187,18062212,13355191,23698312,1.19182144551,1.03199254212,1.31267542658
2020-06-09,945,114689,,,,,,,186805,137043,249746,2155706,1525619,2950240,18249017,13492234,23948058,1.19524834493,1.05503468404,1.31194676535
2020-06-10,918,115607,,,,,,,195682,144209,260872,2237135,1592516,3049979,18444699,13636443,24208930,1.19777687103,1.0693141187,1.31113956398
2020-06-11,888,116495,,,,,,,205118,151793,272572,2325527,1664987,3158555,18649817,13788236,24481502,1.19944007279,1.08943164709,1.31039371889
2020-06-12,832,117327,,,,,,,215105,159769,285496,2421077,1743149,3276591,18864922,13948005,24766998,1.20022574519,1.08865675384,1.31021028487
2020-06-13,763,118090,,,,,,,225628,168459,299081,2523953,1827326,3404202,19090550,14116464,25066079,1.20014331343,1.07918215177,1.31159476836
2020-06-14,308,118398,,,,,,,236660,177416,313286,2634280,1917516,3541828,19327210,14293880,25379365,1.19919522632,1.06233853003,1.31115286008
2020-06-15,391,118789,,,,,,,248156,186911,327415,2752126,2013846,3688989,19575366,14480791,25706780,1.19741501812,1.05561554536,1.31077901762
2020-06-16,843,119632,,,,,,,260059,196356,342163,2877481,2115954,3845691,19835425,14677147,26048943,1.19484086338,1.04619911969,1.31064897651
2020-06-17,752,120384,,,,,,,272294,206200,357143,3010248,2223940,4011313,20107719,14883347,26406086,1.19147871007,1.03887397339,1.31011377078
2020-06-18,710,121094,,,,,,,284774,216024,371405,3150226,2337350,4184600,20392493,15099371,26777491,1.18736536308,1.03317389687,1.31009466383
2020-06-19,672,121766,,,,,,,297399,226043,385482,3297093,2455982,4364956,20689892,15325414,27162973,1.18252567311,1.02518726276,1.30955454074
2020-06-20,613,122379,,,,,,,310059,236196,399901,3450401,2579556,4552327,20999951,15561610,27562874,1.17700624886,1.01495333681,1.3088544929
2020-06-21,284,122663,,,,,,,322640,246546,413365,3609571,2707954,4744862,21322591,15808156,27976239,1.17088644855,1.00304174147,1.30880654499
2020-06-22,387,123050,,,,,,,335024,256667,426185,3773886,2840725,4941752,21657615,16064823,28402424,1.16424213959,0.995713999518,1.30848544744
2020-06-23,847,123897,,,,,,,347097,267083,439324,3942500,2977426,5142127,22004712,16331906,28841748,1.15716782861,0.991398348935,1.30794732005
2020-06-24,764,124661,,,,,,,358752,277425,451439,4114447,3117755,5343868,22363464,16609331,29293187,1.14976043059,0.983582540152,1.30689022378
2020-06-25,559,125220,,,,,,,369895,287302,463494,4288660,3260796,5546509,22733359,16896633,29756681,1.14212513406,0.978120422251,1.30531838563
2020-06-26,612,125832,,,,,,,380447,297267,475561,4463990,3406226,5749482,23113806,17193900,30232242,1.1343316063,0.969160814794,1.3047548217
2020-06-27,500,126332,,,,,,,390352,306096,486849,4639237,3552532,5950799,23504158,17499996,30719091,1.1264184377,0.959147041196,1.30332247185
2020-06-28,251,126583,,,,,,,399573,314559,497091,4813182,3698655,6148759,23903731,17814555,31216182,1.11841202721,0.95110278171,1.30188572284
2020-06-29,364,126947,,,,,,,408092,321799,507580,4984615,3843100,6343007,24311823,18136354,31723762,1.11032217258,0.947260360838,1.29984348285
2020-06-30,735,127682,,,,,,,415908,328045,517742,5152367,3984344,6533318,24727731,18464399,32241504,1.10216412319,0.942289205956,1.29756281711
2020-07-01,687,128369,,,,,,,423027,332236,527785,5315335,4120317,6718968,25150758,18796635,32769289,1.09395536227,0.937268428404,1.29477272976
2020-07-02,724,129093,,,,,,,429464,335934,536823,5472505,4250108,6898712,25580222,19132569,33306112,1.08573060972,0.933175112841,1.29231036922
2020-07-03,653,129746,,,,,,,435235,339417,546519,5622966,4373537,7073912,26015457,19471986,33852631,1.0775446171,0.929389580475,1.28882557515
2020-07-04,271,130017,,,,,,,440362,341535,555535,5765929,4489022,7244047,26455819,19813521,34408166,1.06946888047,0.923907381073,1.28382006925
2020-07-05,299,130316,,,,,,,444865,343221,565110,5900735,4596014,7409357,26900684,20156742,34973276,1.06157630943,0.919679411071,1.2782125172
2020-07-06,351,130667,,,,,,,448771,344287,574178,6026866,4693683,7570250,27349455,20501029,35547454,1.05392609157,0.916888628598,1.27126245038
2020-07-07,1224,131891,,,,,,,452106,344114,583818,6143948,4781035,7727925,27801561,20845143,36131272,1.04656554925,0.914020872886,1.25890677342
2020-07-08,850,132741,,,,,,,454896,343797,592539,6251747,4857664,7881144,28256457,21188940,36723811,1.03952923926,0.911896115916,1.25350716753
2020-07-09,1012,133753,,,,,,,457171,342859,600950,6350166,4923020,8030628,28713628,21531799,37324761,1.03283653984,0.908217565072,1.24203681043
2020-07-10,830,134583,,,,,,,458959,341856,608253,6439230,4977525,8175324,29172587,21873655,37933014,1.02649144693,0.906069399925,1.23758281116
2020-07-11,691,135274,,,,,,,460289,340265,613839,6519071,5020499,8313503,29632876,22213920,38546853,1.02048800043,0.902381641149,1.22905050642
2020-07-12,451,135725,,,,,,,461188,338916,619748,6589907,5053313,8446253,30094064,22552836,39166601,1.01481921629,0.901675035636,1.21736799198
2020-07-13,389,136114,,,,,,,461684,337179,624642,6652017,5075939,8573644,30555748,22890015,39791243,1.00948397661,0.899947365832,1.20706868949
2020-07-14,928,137042,,,,,,,461803,335575,630283,6705728,5089711,8696197,31017551,23225590,40421526,1.00448846394,0.898503085039,1.19277443825
2020-07-15,968,138010,,,,,,,461569,333070,633161,6751389,5094731,8811510,31479120,23558660,41054687,0.999843055553,0.898120210132,1.17690410721
2020-07-16,953,138963,,,,,,,461006,330637,637360,6789368,5093126,8921020,31940126,23889297,41692047,0.995557588535,0.897378780953,1.16043391771
2020-07-17,920,139883,,,,,,,460135,327644,640106,6820040,5084839,9024314,32400261,24216941,42332153,0.991637069056,0.894847541836,1.14793536081
2020-07-18,870,140753,,,,,,,458977,324387,642106,6843781,5069815,9119951,32859238,24541328,42974259,0.988078636116,0.893935887669,1.13067243937
2020-07-19,445,141198,,,,,,,457550,321089,643073,6860969,5049375,9207602,33316788,24862417,43617332,0.984870207675,0.893206291918,1.11851065739
2020-07-20,514,141712,,,,,,,455872,317808,643150,6871976,5023970,9285786,33772660,25180225,44260482,0.981991101587,0.892741092703,1.10629367042
2020-07-21,1109,142821,,,,,,,453960,314671,643223,6877164,4994356,9354975,34226620,25494896,44903705,0.979414401702,0.892307751258,1.08882710732
2020-07-22,1211,144032,,,,,,,451828,311551,643921,6876887,4961786,9415178,34678448,25806447,45547626,0.977110229124,0.891702993983,1.06962375647
2020-07-23,1121,145153,,,,,,,449493,307751,643697,6871483,4925728,9466380,35127941,26114198,46191323,0.975048866835,0.890956543704,1.05345768665
2020-07-24,1123,146276,,,,,,,446966,303889,642494,6861278,4886734,9507949,35574907,26418087,46833817,0.973202929103,0.890346696416,1.04465544281
2020-07-25,901,147177,,,,,,,444261,299920,640351,6846579,4844763,9540062,36019168,26718007,47474168,0.971548246071,0.890215593657,1.04012032364
2020-07-26,477,147654,,,,,,,441388,296213,638298,6827679,4800674,9564500,36460556,27014220,48112466,0.970063630417,0.888604486297,1.03661976921
2020-07-27,1125,148779,,,,,,,438358,292621,636316,6804849,4754339,9581006,36898914,27306841,48748782,0.96873003486,0.887911268228,1.03502152806
2020-07-28,1368,150147,,,,,,,435180,288651,633729,6778346,4705776,9590020,37334094,27595492,49382511,0.967529678911,0.88759333304,1.02976121986
2020-07-29,1436,151583,,,,,,,431864,285068,632559,6748407,4655236,9592215,37765958,27880560,50015070,0.966445533557,0.886272971573,1.02832238034
2020-07-30,1216,152799,,,,,,,428417,281207,630742,6715255,4603345,9589706,38194375,28161767,50645812,0.965461256255,0.885125329864,1.02755227444
2020-07-31,1246,154045,,,,,,,424848,277379,628687,6679097,4550063,9580962,38619223,28439146,51274499,0.964561442033,0.885117685801,1.02683400597
2020-08-01,1111,155156,,,,,,,421167,273482,625526,6640129,4495879,9566332,39040390,28712628,51900025,0.9637319798,0.884800515982,1.02613488919
2020-08-02,406,155562,,,,,,,417382,269507,622390,6598534,4440979,9546582,39457772,28982135,52522415,0.962960345832,0.88432761059,1.02526928594
2020-08-03,539,156101,,,,,,,413502,265524,618743,6554486,4385396,9522226,39871274,29247659,53141158,0.962235753822,0.88388328129,1.02397036028
2020-08-04,1378,157479,,,,,,,409535,261672,614845,6508149,4329244,9493909,40280809,29509331,53756003,0.961549155508,0.883588991858,1.02316348181
2020-08-05,1372,158851,,,,,,,405491,257623,611012,6459680,4272182,9461699,40686300,29766954,54367015,0.960893126677,0.883318062237,1.02236124926
2020-08-06,1250,160101,,,,,,,401377,253666,605513,6409229,4214288,9423309,41087677,30020620,54972528,0.960261684682,0.883021232747,1.02158435113
2020-08-07,1243,161344,,,,,,,397203,249939,600257,6356940,4156467,9379904,41484880,30270559,55572785,0.959650077867,0.882765577474,1.02082807473
2020-08-08,,,1076,794,1441,162420,162138,162785,392978,246129,595143,6302952,4098704,9332629,41877858,30516688,56167928,,,
2020-08-09,,,1079,791,1454,163499,162929,164239,388710,242247,589538,6247401,4041027,9281920,42266568,30758935,56757466,,,
2020-08-10,,,1082,788,1466,164581,163718,165705,384406,238264,584184,6190419,3983072,9227903,42650974,30997199,57341650,,,
2020-08-11,,,1083,784,1480,165665,164503,167184,380075,234560,578590,6132136,3925009,9170268,43031049,31231759,57920240,,,
2020-08-12,,,1084,781,1491,166749,165284,168675,375724,230808,572880,6072680,3867164,9109506,43406773,31462567,58493120,,,
2020-08-13,,,1084,775,1501,167833,166060,170175,371359,227035,567237,6012175,3809130,9044264,43778132,31689602,59060357,,,
2020-08-14,,,1084,770,1510,168917,166830,171685,366985,222959,561154,5950743,3750882,8974757,44145117,31912561,59621511,,,
2020-08-15,,,1082,763,1517,169999,167594,173202,362609,219164,555089,5888504,3692670,8901222,44507726,32131725,60176600,,,
2020-08-16,,,1080,756,1524,171080,168350,174725,358235,215450,549485,5825572,3634640,8825240,44865961,32347175,60726085,,,
2020-08-17,,,1078,749,1529,172157,169099,176254,353866,211636,543910,5762056,3576771,8746820,45219827,32558811,61269995,,,
2020-08-18,,,1074,741,1533,173232,169841,177786,349507,207969,537753,5698061,3519221,8665888,45569334,32766780,61807748,,,
2020-08-19,,,1070,734,1534,174302,170576,179320,345160,204582,532073,5633686,3462137,8583175,45914494,32971362,62339821,,,
2020-08-20,,,1066,727,1535,175368,171303,180854,340830,201094,526354,5569025,3405613,8498577,46255324,33172456,62866175,,,
2020-08-21,,,1061,718,1534,176429,172022,182387,336517,197612,520316,5504165,3349564,8413413,46591841,33370068,63386491,,,
2020-08-22,,,1056,710,1533,177484,172733,183919,332225,194179,514326,5439187,3293811,8327501,46924066,33564247,63900817,,,
2020-08-23,,,1050,701,1530,178534,173434,185448,327955,190788,508080,5374164,3238479,8240444,47252021,33755035,64408897,,,
2020-08-24,,,1043,692,1528,179577,174127,186975,324023,187716,503020,5309478,3183958,8153929,47576044,33942751,64911917,,,
2020-08-25,,,1036,684,1526,180614,174811,188500,320111,184710,497885,5245182,3130407,8067639,47896155,34127461,65409802,,,
2020-08-26,,,1029,675,1524,181643,175487,190023,316234,181738,492466,5181340,3077587,7981529,48212389,34309199,65902268,,,
2020-08-27,,,1022,667,1520,182665,176154,191542,312408,178832,487994,5118025,3025609,7896658,48524797,34488031,66390262,,,
2020-08-28,,,1014,658,1515,183679,176813,193055,308667,176019,483122,5055333,2974592,7812559,48833464,34664050,66873384,,,
2020-08-29,,,1006,649,1509,184685,177463,194563,305042,173484,478302,4993389,2925118,7729719,49138506,34837534,67351686,,,
2020-08-30,,,997,640,1503,185682,178103,196064,301510,170793,473037,4932290,2876744,7647664,49440016,35008327,67824723,,,
2020-08-31,,,989,631,1495,186670,178734,197557,298052,167995,468537,4872107,2829282,7566717,49738068,35176322,68293260,,,
2020-09-01,,,980,621,1486,187650,179357,199042,294670,165277,464081,4812911,2782917,7486884,50032738,35341599,68757341,,,
2020-09-02,,,970,613,1478,188620,179970,200519,291364,162680,459871,4754768,2737626,7408994,50324102,35504279,69217212,,,
2020-09-03,,,961,603,1469,189581,180574,201986,288148,160318,455635,4697756,2693362,7332554,50612250,35664597,69672847,,,
2020-09-04,,,951,594,1456,190533,181169,203440,285022,158076,452305,4641949,2650346,7258506,50897272,35822673,70125152,,,
2020-09-05,,,942,586,1445,191474,181755,204883,281982,155617,448666,4587413,2608350,7186855,51179254,35978290,70573818,,,
2020-09-06,,,932,577,1432,192406,182333,206313,279025,153380,444752,4534213,2567553,7117275,51458279,36131670,71018570,,,
2020-09-07,,,922,568,1419,193328,182901,207731,276152,151026,441289,4482409,2527793,7050466,51734431,36282696,71459859,,,
2020-09-08,,,912,559,1407,194240,183460,209136,273365,148767,439275,4431751,2488849,6986727,52007796,36431463,71899134,,,
2020-09-09,,,902,550,1395,195141,184011,210529,270668,146602,436597,4382309,2450744,6925450,52278464,36578065,72335731,,,
2020-09-10,,,891,541,1382,196033,184553,211909,268060,144397,434303,4334135,2413404,6867293,52546524,36722462,72770034,,,
2020-09-11,,,881,533,1368,196914,185086,213275,265541,142189,431019,4287268,2376765,6810329,52812065,36864651,73201053,,,
2020-09-12,,,871,523,1354,197785,185610,214627,263112,139944,429349,4241713,2340692,6756570,53075177,37004595,73630402,,,
2020-09-13,,,861,514,1340,198645,186125,215965,260773,137930,427542,4197445,2305139,6705827,53335950,37142525,74057944,,,
2020-09-14,,,850,506,1327,199496,186632,217290,258527,136063,426272,4154462,2270408,6659073,53594477,37278588,74484216,,,
2020-09-15,,,840,498,1314,200336,187131,218602,256375,134254,425298,4112785,2236664,6615845,53850852,37412842,74909514,,,
2020-09-16,,,830,489,1300,201166,187621,219900,254317,132207,425051,4072433,2203590,6576818,54105169,37545049,75334565,,,
2020-09-17,,,820,481,1287,201986,188102,221185,252353,130221,425388,4033422,2171127,6542331,54357522,37675270,75759953,,,
2020-09-18,,,810,474,1274,202796,188577,222456,250480,128337,424783,3995753,2139147,6511479,54608002,37803607,76184736,,,
2020-09-19,,,800,466,1260,203596,189043,223714,248696,126460,423760,3959427,2107530,6482935,54856698,37930067,76608496,,,
2020-09-20,,,791,458,1246,204387,189502,224958,247000,124571,423725,3924446,2076480,6458000,55103698,38054638,77032221,,,
2020-09-21,,,781,451,1233,205168,189953,226189,245393,122586,424209,3890814,2045686,6437472,55349091,38177224,77456430,,,
2020-09-22,,,772,443,1221,205939,190397,227408,243872,120734,425214,3858534,2015397,6421406,55592963,38297958,77881644,,,
2020-09-23,,,762,436,1209,206702,190834,228615,242435,118838,425414,3827604,1985474,6407566,55835398,38416796,78307058,,,
2020-09-24,,,753,430,1198,207455,191265,229811,241079,117131,426414,3798014,1956007,6397403,56076477,38533927,78733472,,,
2020-09-25,,,744,423,1187,208200,191688,230995,239804,115462,427732,3769758,1927075,6390847,56316281,38649389,79161204,,,
2020-09-26,,,736,416,1174,208935,192105,232166,238607,113769,429735,3742824,1898661,6389571,56554888,38763158,79590939,,,
2020-09-27,,,727,410,1161,209663,192516,233325,237489,112116,432174,3717201,1870839,6392393,56792377,38875274,80023113,,,
2020-09-28,,,719,403,1149,210382,192920,234472,236446,110587,434693,3692873,1843498,6399536,57028823,38985861,80457806,,,
2020-09-29,,,711,397,1138,211093,193318,235607,235475,108882,436523,3669821,1816317,6409783,57264298,39094743,80894329,,,
2020-09-30,,,703,391,1128,211795,193709,236732,234574,107204,438880,3648019,1789267,6423353,57498872,39201947,81333209,,,
2020-10-01,,,695,385,1119,212491,194095,237848,233743,105644,441775,3627445,1762702,6440062,57732615,39307591,81774984,,,
2020-10-02,,,688,379,1110,213178,194475,238956,232981,104086,443877,3608073,1736564,6458531,57965596,39411677,82218861,,,
2020-10-03,,,680,373,1101,213859,194850,240055,232287,102566,446505,3589880,1710792,6480241,58197883,39514243,82665366,,,
2020-10-04,,,673,367,1093,214532,195218,241145,231658,101128,449444,3572842,1685456,6505920,58429541,39615371,83114810,,,
2020-10-05,,,666,362,1085,215198,195581,242227,231091,99683,452180,3556932,1660560,6534372,58660632,39715054,83566990,,,
2020-10-06,,,660,357,1080,215858,195939,243304,230585,98252,455904,3542125,1636227,6566072,58891217,39813306,84022894,,,
2020-10-07,,,653,351,1072,216511,196291,244373,230139,96862,459356,3528392,1612356,6600229,59121356,39910168,84482250,,,
2020-10-08,,,647,347,1065,217158,196639,245435,229752,95387,462688,3515708,1588911,6637525,59351108,40005555,84944938,,,
2020-10-09,,,641,341,1059,217799,196981,246491,229420,94302,466278,3504049,1566086,6677409,59580528,40099857,85411216,,,
2020-10-10,,,635,336,1054,218434,197319,247542,229142,93059,469349,3493388,1543683,6719039,59809670,40192916,85880565,,,
2020-10-11,,,629,331,1050,219063,197651,248588,228918,91802,472800,3483699,1521716,6762109,60038588,40284718,86353365,,,
2020-10-12,,,624,327,1046,219688,197979,249630,228743,90536,475873,3474953,1500133,6805796,60267331,40375254,86829238,,,
2020-10-13,,,619,322,1043,220306,198303,250670,228616,89201,479591,3467123,1478746,6850677,60495947,40464455,87308829,,,
2020-10-14,,,614,318,1042,220920,198622,251709,228536,87861,483680,3460184,1457722,6897820,60724483,40552316,87792509,,,
2020-10-15,,,609,313,1042,221530,198936,252747,228502,86546,487528,3454112,1437063,6946444,60952985,40638862,88280037,,,
2020-10-16,,,605,308,1040,222134,199245,253783,228510,85434,491432,3448879,1416852,6996072,61181495,40724296,88771469,,,
2020-10-17,,,600,304,1038,222735,199550,254817,228559,84237,495147,3444457,1397001,7047310,61410054,40808533,89266616,,,
2020-10-18,,,596,299,1037,223331,199851,255850,228647,83144,498656,3440817,1377576,7099424,61638701,40891677,89765272,,,
2020-10-19,,,592,294,1039,223924,200147,256884,228771,82105,502779,3437930,1358548,7152719,61867472,40973782,90268051,,,
2020-10-20,,,589,290,1041,224512,200438,257920,228929,81031,505679,3435769,1339890,7206183,62096401,41054813,90773730,,,
2020-10-21,,,585,286,1041,225098,200726,258957,229121,80174,509812,3434304,1321809,7260063,62325522,41134987,91283542,,,
2020-10-22,,,582,281,1043,225680,201009,259995,229343,79242,513843,3433508,1304187,7314533,62554865,41214229,91797385,,,
2020-10-23,,,579,277,1045,226258,201288,261036,229594,78243,517234,3433350,1287044,7369075,62784459,41292472,92314619,,,
2020-10-24,,,576,273,1050,226834,201563,262081,229871,77467,520745,3433801,1270209,7423543,63014330,41369939,92835364,,,
2020-10-25,,,573,270,1055,227408,201834,263131,230173,76664,525135,3434831,1253813,7479327,63244503,41446603,93360499,,,
2020-10-26,,,571,266,1061,227978,202102,264187,230498,75940,529407,3436411,1237948,7535933,63475001,41522543,93889906,,,
2020-10-27,,,568,262,1064,228547,202365,265246,230844,75181,533844,3438513,1222590,7593903,63705845,41597724,94423750,,,
2020-10-28,,,566,258,1069,229113,202625,266310,231210,74502,537980,3441107,1207888,7652288,63937055,41672226,94961730,,,
2020-10-29,,,564,254,1075,229677,202881,267379,231593,73743,541997,3444164,1193769,7710605,64168648,41745969,95503727,,,
2020-10-30,,,562,250,1080,230239,203133,268453,231992,72960,545576,3447654,1180182,7768652,64400640,41818929,96049303,,,
2020-10-31,,,561,247,1086,230800,203382,269533,232403,72304,549227,3451547,1167053,7826450,64633043,41891233,96598530,,,
2020-11-01,,,559,243,1094,231359,203628,270621,232824,71677,552544,3455812,1154496,7883853,64865867,41962910,97151074,,,
