date,actual_deaths,total_deaths,predicted_deaths_mean,predicted_deaths_lower,predicted_deaths_upper,predicted_total_deaths_mean,predicted_total_deaths_lower,predicted_total_deaths_upper,predicted_new_infected_mean,predicted_new_infected_lower,predicted_new_infected_upper,predicted_current_infected_mean,predicted_current_infected_lower,predicted_current_infected_upper,predicted_total_infected_mean,predicted_total_infected_lower,predicted_total_infected_upper,r_values_mean,r_values_lower,r_values_upper
2020-02-05,0,0,,,,,,,125,64,178,125,64,178,125,64,178,2.27535197306,2.1,2.4
2020-02-06,0,0,,,,,,,125,64,178,250,128,356,250,128,356,2.27534232278,2.09999190928,2.39999976331
2020-02-07,0,0,,,,,,,125,64,178,376,192,534,375,192,534,2.27533909236,2.09998906152,2.39999963774
2020-02-08,0,0,,,,,,,125,64,178,501,255,712,500,256,712,2.27533476707,2.09998521063,2.39999944116
2020-02-09,0,0,,,,,,,290,162,406,791,433,1104,790,418,1118,2.27532897039,2.09997989489,2.39999914919
2020-02-10,0,0,,,,,,,290,162,406,1080,601,1505,1080,580,1524,2.27532119415,2.09997317169,2.39999868578
2020-02-11,0,0,,,,,,,290,162,406,1370,767,1908,1370,742,1930,2.2753107516,2.09996419861,2.39999797463
2020-02-12,0,0,,,,,,,290,162,406,1660,931,2312,1660,904,2336,2.27529671336,2.09995207392,2.39999693823
2020-02-13,0,0,,,,,,,468,280,651,2128,1231,2943,2128,1184,2987,2.27527781995,2.09993571921,2.39999527931
2020-02-14,0,0,,,,,,,676,412,938,2803,1648,3875,2804,1596,3925,2.27522541787,2.09988449136,2.39997231555
2020-02-15,0,0,,,,,,,1159,715,1536,3962,2416,5383,3963,2311,5461,2.2751877045,2.09985138642,2.39996692115
2020-02-16,0,0,,,,,,,2173,1326,2789,6135,3857,8118,6136,3637,8250,2.27513028813,2.09979964464,2.39995326795
2020-02-17,0,0,,,,,,,3590,2336,4548,9725,6321,12578,9726,5973,12798,2.27505654594,2.09973424776,2.39993703399
2020-02-18,0,0,,,,,,,4008,2649,5085,13733,9011,17636,13734,8622,17883,2.27495971669,2.09964952156,2.39991541029
2020-02-19,0,0,,,,,,,4679,3149,5921,18413,12218,23520,18413,11771,23804,2.27483087563,2.09953812784,2.39988595366
2020-02-20,0,0,,,,,,,4819,3253,6111,23106,15418,29448,23232,15024,29915,2.27465714788,2.09938949974,2.39984305654
2020-02-21,0,0,,,,,,,5351,3671,6772,28332,19050,36023,28583,18695,36687,2.2744213553,2.09918986254,2.39978186882
2020-02-22,0,0,,,,,,,6428,4480,8146,34635,23513,43952,35011,23175,44833,2.27410362485,2.09892450902,2.39969760582
2020-02-23,0,0,,,,,,,7729,5474,9762,42239,29014,53467,42740,28649,54595,2.27367538477,2.09857241051,2.39957785652
2020-02-24,0,0,,,,,,,9826,6949,12457,51775,35877,65457,52566,35598,67052,2.27309577736,2.0981037581,2.39940784496
2020-02-25,0,0,,,,,,,14971,10185,19080,66457,46063,84017,67537,45783,86132,2.27230853033,2.0974785455,2.3991629648
2020-02-26,0,0,,,,,,,18204,12581,23196,84371,58525,106772,85741,58364,109328,2.27123599214,2.09664296731,2.39880801329
2020-02-27,0,0,,,,,,,19826,13617,25397,103907,71992,131749,105567,71981,134725,2.26977264835,2.0955655806,2.39829289593
2020-02-28,0,0,,,,,,,23928,16301,30950,127367,88011,162035,129495,88282,165675,2.26777296821,2.09415987141,2.3975432044
2020-02-29,1,1,,,,,,,29070,19328,38156,155761,106929,199204,158565,107610,203831,2.26503567075,2.09238774848,2.39644855978
2020-03-01,0,1,,,,,,,37520,24476,49702,192122,130741,247262,196085,132086,253533,2.26128353485,2.08984864839,2.39478853279
2020-03-02,5,6,,,,,,,46512,30132,62106,236461,159630,306447,242597,162218,315639,2.25613665852,2.08665347492,2.39275778549
2020-03-03,1,7,,,,,,,57500,37069,77326,290371,194442,379106,300097,199287,392965,2.24907822764,2.0818103869,2.38962046317
2020-03-04,4,11,,,,,,,70122,44808,95219,356485,236682,469100,370219,244095,488184,2.23941141455,2.07588236298,2.38490781984
2020-03-05,1,12,,,,,,,87045,55330,118461,438850,288944,581504,457264,299425,606645,2.22620992812,2.06713893922,2.37762403066
2020-03-06,2,14,,,,,,,105750,66489,145404,539781,352265,720623,563014,365914,752049,2.20826982601,2.05311421726,2.36736211135
2020-03-07,3,17,,,,,,,126770,79876,174947,661201,428525,888652,689784,445790,926996,2.18407869147,2.03250462815,2.35158571766
2020-03-08,4,21,,,,,,,149720,95382,206332,804493,519385,1086725,839504,541172,1133328,2.15183306545,2.00289893445,2.32869613721
2020-03-09,1,22,,,,,,,174161,113843,238805,970925,627610,1315711,1013665,655015,1372133,2.10955210521,1.94688590376,2.29475666549
2020-03-10,6,28,,,,,,,199673,133791,273500,1160771,754231,1576736,1213338,788806,1645633,2.05534390929,1.87458587177,2.26286198452
2020-03-11,5,33,,,,,,,223359,149884,300686,1369159,893912,1858262,1436697,938690,1946319,1.98785285524,1.78649911555,2.23005710405
2020-03-12,10,43,,,,,,,244215,164706,321786,1595170,1045939,2156896,1680912,1103396,2268105,1.90682300331,1.69031513961,2.18493269487
2020-03-13,9,52,,,,,,,262036,176335,346858,1837380,1208587,2478373,1942948,1279731,2614963,1.81357540531,1.59525009796,2.12393089439
2020-03-14,6,58,,,,,,,276142,186070,365724,2089594,1378334,2813129,2219090,1465801,2980687,1.71113108544,1.46569376972,2.05570352589
2020-03-15,12,70,,,,,,,287242,194722,380829,2347767,1553761,3155700,2506332,1660523,3361516,1.60383915425,1.34410384148,1.99187452004
2020-03-16,27,97,,,,,,,295233,202897,393257,2605480,1732343,3499118,2801565,1863420,3754773,1.49662966185,1.22914242358,1.90921991273
2020-03-17,35,132,,,,,,,300630,209731,401573,2859599,1912221,3838428,3102195,2073151,4156346,1.39418497052,1.13405995979,1.80406252346
2020-03-18,59,191,,,,,,,304068,215281,405510,3106167,2090836,4166416,3406263,2288432,4561856,1.30029772945,1.0611112026,1.68513583479
2020-03-19,77,268,,,,,,,305975,220218,405324,3342020,2266766,4476219,3712238,2508650,4967180,1.21753073293,1.00836225179,1.56833504536
2020-03-20,99,367,,,,,,,306810,224481,407976,3561786,2436581,4765386,4019048,2733131,5375156,1.14714907286,0.97109237533,1.44215887965
2020-03-21,95,462,,,,,,,306711,228156,406678,3762746,2598990,5026282,4325759,2961287,5781834,1.08924268788,0.944899303442,1.33627701101
2020-03-22,148,610,,,,,,,305821,230672,403160,3941797,2750547,5254047,4631580,3191959,6184994,1.04297602488,0.925508591756,1.2471493861
2020-03-23,187,797,,,,,,,304327,232053,399581,4096404,2888042,5446934,4935907,3424012,6584575,1.00691356906,0.91255711273,1.17271878698
2020-03-24,242,1039,,,,,,,302321,233107,393852,4224564,3008131,5601642,5238228,3657119,6978427,0.979353050521,0.903458099753,1.10530200074
2020-03-25,316,1355,,,,,,,299879,233643,387883,4324769,3108887,5715820,5538107,3890762,7366310,0.958595701481,0.888534333261,1.05410207878
2020-03-26,422,1777,,,,,,,297030,233367,382482,4398441,3193266,5797433,5835137,4124129,7748792,0.943116606636,0.873534680724,1.01821899872
2020-03-27,561,2338,,,,,,,293791,232795,375051,4448017,3262204,5850353,6128928,4356924,8123843,0.931640483008,0.863870823467,0.996115212235
2020-03-28,654,2992,,,,,,,290193,231698,367768,4476174,3318185,5870885,6419121,4588622,8491611,0.923151325965,0.856807701101,0.978595350495
2020-03-29,634,3626,,,,,,,286296,230204,360728,4486328,3362628,5865467,6705417,4818826,8852339,0.916866266907,0.852112715554,0.965760236339
2020-03-30,834,4460,,,,,,,282067,227478,352630,4481154,3395479,5836973,6987484,5046304,9204969,0.912195717659,0.848467344999,0.957952661592
2020-03-31,1255,5715,,,,,,,277575,224215,343963,4463495,3416560,5787371,7265059,5270519,9548932,0.908702497272,0.845447567985,0.953168163309
2020-04-01,1268,6983,,,,,,,272849,220036,336554,4435714,3426176,5722264,7537908,5490555,9885486,0.906065787735,0.84343514857,0.949497728154
2020-04-02,1613,8596,,,,,,,267928,215583,330167,4399574,3425423,5647038,7805836,5706138,10215653,0.904051752068,0.841911865091,0.946989584947
2020-04-03,1337,9933,,,,,,,262849,211385,323422,4356447,3415451,5565307,8068685,5917523,10539075,0.902490668311,0.840986459055,0.945148768348
2020-04-04,1327,11260,,,,,,,257644,206633,317542,4307281,3396408,5475364,8326329,6124156,10856617,0.901259643672,0.839938443746,0.943798988862
2020-04-05,1502,12762,,,,,,,252352,201921,311466,4252923,3369022,5380819,8578681,6326077,11168083,0.900269789641,0.839219190772,0.942613071006
2020-04-06,1739,14501,,,,,,,247011,197060,304795,4194113,3334331,5283080,8825692,6523137,11472878,0.89945682197,0.838350250386,0.941620405618
2020-04-07,2379,16880,,,,,,,241657,192266,298942,4131443,3293681,5183231,9067349,6715403,11771820,0.898774224513,0.83766863202,0.940627313831
2020-04-08,2182,19062,,,,,,,236322,187615,293174,4065444,3247494,5083253,9303671,6903018,12064994,0.89818830177,0.837179185713,0.939926660081
2020-04-09,2151,21213,,,,,,,231032,182960,286975,3996597,3196355,4983001,9534703,7085978,12351969,0.89767460864,0.836672438237,0.939456047297
2020-04-10,2146,23359,,,,,,,225811,178145,280742,3925378,3140856,4881888,9760514,7264123,12632711,0.89721537804,0.836180021101,0.939070242901
2020-04-11,2124,25483,,,,,,,220676,173782,274323,3852263,3081712,4781650,9981190,7437905,12907034,0.896791990991,0.835751005261,0.938698287302
2020-04-12,1853,27336,,,,,,,215639,169421,268501,3777709,3019382,4682697,10196829,7607326,13175535,0.896402443198,0.835395009408,0.938268298329
2020-04-13,1906,29242,,,,,,,210708,165270,262910,3702121,2954421,4585062,10407537,7772596,13438445,0.89603991236,0.834974781256,0.937939710138
2020-04-14,2457,31699,,,,,,,205888,161076,257644,3625941,2887971,4490142,10613425,7933672,13696089,0.895699505544,0.834643574188,0.937596751505
2020-04-15,2609,34308,,,,,,,201181,156754,252397,3549547,2820443,4398554,10814606,8090426,13948486,0.895383194816,0.834353472168,0.937263771374
2020-04-16,2175,36483,,,,,,,196587,152507,247383,3473285,2752871,4309353,11011193,8242933,14195869,0.895076727448,0.834079716047,0.936965114822
2020-04-17,2666,39149,,,,,,,192105,148497,242589,3397461,2685761,4221742,11203298,8391430,14438458,0.894785442099,0.833842317078,0.936683084748
2020-04-18,2445,41594,,,,,,,187733,144722,237906,3322345,2619083,4136217,11391031,8536152,14676364,0.89450750419,0.833621826856,0.936405191707
2020-04-19,1276,42870,,,,,,,183468,140931,233395,3248168,2553390,4052072,11574499,8677083,14909759,0.894242148934,0.833391948987,0.936119226361
2020-04-20,1834,44704,,,,,,,179307,137101,228883,3175123,2488586,3969485,11753806,8814184,15138642,0.893989641615,0.833207426559,0.935825253023
2020-04-21,2504,47208,,,,,,,175247,133431,224380,3103359,2424973,3889117,11929053,8947615,15363022,0.893748380087,0.833071494024,0.935563736234
2020-04-22,2431,49639,,,,,,,171287,129886,220206,3032989,2362604,3810430,12100340,9077501,15583228,0.893522070059,0.832956906067,0.93530500753
2020-04-23,2466,52105,,,,,,,167423,126445,216116,2964090,2301438,3733424,12267763,9203946,15799344,0.89331300532,0.832803221111,0.935070860694
2020-04-24,2154,54259,,,,,,,163657,123000,212204,2896715,2241471,3658709,12431420,9326946,16011548,0.893124152759,0.832725396166,0.934835120068
2020-04-25,1697,55956,,,,,,,159987,119696,208308,2830890,2183023,3586345,12591407,9446642,16219856,0.892960770681,0.832630883918,0.934573634579
2020-04-26,1330,57286,,,,,,,156410,116524,204529,2766624,2125759,3516651,12747817,9563166,16424385,0.892829416094,0.832585466975,0.934339730758
2020-04-27,1467,58753,,,,,,,152926,113352,200933,2703911,2069674,3449164,12900743,9676518,16625318,0.892739765135,0.832512464854,0.934118973363
2020-04-28,2241,60994,,,,,,,149534,110236,197392,2642737,2014617,3383727,13050277,9786754,16822710,0.892704685853,0.832622897579,0.934141779572
2020-04-29,2521,63515,,,,,,,146235,107172,194057,2583085,1960688,3320217,13196512,9893926,17016767,0.892741614441,0.832693130532,0.934000034461
2020-04-30,2324,65839,,,,,,,143031,104171,190841,2524935,1908085,3258726,13339543,9998097,17207608,0.892873963643,0.832620192636,0.933926893932
2020-05-01,1891,67730,,,,,,,139921,101376,187611,2468269,1856941,3199003,13479464,10099473,17395219,0.893132860801,0.832664330844,0.933930795654
2020-05-02,1692,69422,,,,,,,136907,98563,184481,2413071,1806998,3140933,13616371,10198036,17579700,0.893559170555,0.832831667915,0.934069851192
2020-05-03,1121,70543,,,,,,,133992,95897,181372,2359331,1758160,3084430,13750363,10293933,17761072,0.894205603814,0.832838641591,0.93429097758
2020-05-04,1333,71876,,,,,,,131180,93278,178490,2307043,1710500,3029547,13881543,10387211,17939562,0.895138494457,0.833031946029,0.934715272565
2020-05-05,2318,74194,,,,,,,128475,90818,175650,2256212,1664213,2976325,14010018,10478029,18115212,0.896438470261,0.833389799824,0.936049702172
2020-05-06,2363,76557,,,,,,,125883,88453,172904,2206847,1619231,2924854,14135901,10566482,18288116,0.898198854397,0.833742433001,0.941391741941
2020-05-07,1936,78493,,,,,,,123408,86244,170301,2158968,1575584,2874952,14259309,10652726,18458417,0.900520465075,0.834565532404,0.947614345442
2020-05-08,1747,80240,,,,,,,121059,84114,167822,2112604,1533247,2826658,14380368,10736840,18626239,0.903502089507,0.835842924562,0.966832894032
2020-05-09,1488,81728,,,,,,,118845,82133,165462,2067792,1492376,2779914,14499213,10818973,18791701,0.907227919214,0.837229772515,0.987585242696
2020-05-10,894,82622,,,,,,,116776,80264,163322,2024581,1452940,2734925,14615989,10899237,18955023,0.911756409709,0.839456445206,1.00925796201
2020-05-11,1015,83637,,,,,,,114864,78480,161311,1983036,1414894,2691701,14730853,10977717,19116334,0.917116963742,0.842794241353,1.02937465763
2020-05-12,1626,85263,,,,,,,113122,76867,159393,1943232,1378406,2650155,14843975,11054584,19275727,0.923317706563,0.847330908413,1.06232006207
2020-05-13,1763,87026,,,,,,,111565,75491,157826,1905263,1343653,2610580,14955540,11130075,19433553,0.930359214441,0.854103643898,1.09206788227
2020-05-14,1783,88809,,,,,,,110207,74294,156550,1869234,1310771,2573064,15065747,11204369,19590103,0.938242963257,0.863789124067,1.11803603529
2020-05-15,1681,90490,,,,,,,109063,73187,155459,1835267,1279788,2537671,15174810,11277556,19745562,0.94696799351,0.875742842351,1.1408892961
2020-05-16,1216,91706,,,,,,,108150,72291,154590,1803496,1250706,2504636,15282960,11349847,19900152,0.956521117479,0.877313782144,1.16019351001
2020-05-17,758,92464,,,,,,,107482,71590,154002,1774072,1223743,2474141,15390442,11421437,20054154,0.966870337723,0.877561745815,1.17534318047
2020-05-18,776,93240,,,,,,,107073,71125,153737,1747152,1198987,2446488,15497515,11492562,20207891,0.977961751243,0.878115864621,1.18590842741
2020-05-19,1555,94795,,,,,,,106936,70716,153882,1722909,1176449,2421853,15604451,11563278,20361773,0.989710350556,0.878712562588,1.20070925049
2020-05-20,1579,96374,,,,,,,107086,70547,154216,1701519,1156206,2400384,15711537,11633825,20515989,1.00198254308,0.879285867612,1.21041514392
2020-05-21,1234,97608,,,,,,,107533,70780,154748,1683169,1138567,2382194,15819070,11704605,20670737,1.01458741873,0.879958545433,1.2169530202
2020-05-22,1273,98881,,,,,,,108289,71181,155669,1668050,1123546,2367527,15927359,11775786,20826406,1.02729862441,0.880443348937,1.23102998378
2020-05-23,1130,100011,,,,,,,109366,71898,157097,1656357,1111379,2356766,16036725,11847684,20983503,1.03990544515,0.881678640726,1.24233557282
2020-05-24,614,100625,,,,,,,110775,72887,158701,1648287,1102184,2349974,16147500,11920571,21142204,1.05226278285,0.883490058827,1.25024649214
2020-05-25,523,101148,,,,,,,112526,74173,160947,1644038,1096146,2347565,16260026,11994744,21303151,1.06430898936,0.885966631968,1.25579356518
2020-05-26,695,101843,,,,,,,114639,75676,163495,1643812,1093395,2349713,16374665,12070420,21466646,1.07604831749,0.890060519956,1.26143583924
2020-05-27,1518,103361,,,,,,,117121,77618,166421,1647811,1094187,2356701,16491786,12148038,21633067,1.08751803142,0.89500869723,1.2756479662
2020-05-28,1192,104553,,,,,,,119983,79864,169639,1656230,1098593,2368480,16611769,12227902,21802706,1.09875280575,0.901214497164,1.28781343327
2020-05-29,1171,105724,,,,,,,123235,82403,173676,1669258,1106737,2385572,16735004,12310305,21976382,1.10975625416,0.909697504206,1.29648673049
2020-05-30,979,106703,,,,,,,126892,85281,177965,1687086,1118861,2408043,16861896,12395586,22154347,1.12049627005,0.920426854074,1.30265015049
2020-05-31,591,107294,,,,,,,130973,88550,182815,1709909,1135148,2436239,16992869,12484136,22337162,1.1308532456,0.932298467848,1.30680031061
2020-06-01,777,108071,,,,,,,135497,92145,188196,1737923,1155729,2470399,17128366,12576281,22525358,1.140678558,0.936549449609,1.30955609448
2020-06-02,1043,109114,,,,,,,140476,96130,194228,1771327,1180757,2510853,17268842,12672411,22719586,1.1497928375,0.941594096203,1.31133648734
2020-06-03,1011,110125,,,,,,,145931,100528,200602,1810322,1210585,2557530,17414773,12772939,22920188,1.15805315722,0.947782398898,1.31255803502
2020-06-04,1023,111148,,,,,,,151879,105368,207758,1855115,1245415,2611015,17566652,12878307,23127946,1.16538645319,0.957001643017,1.31310011633
2020-06-05,949,112097,,,,,,,158334,110485,215888,1905917,1285127,2672084,17724986,12988792,23343834,1.17176367615,0.968072950831,1.31337930217
2020-06-06,687,112784,,,,,,,165314,116083,224213,1962942,1330033,2740558,17890300,13104875,23568047,1.17721812482,0.984988589828,1.313445596
2020-06-07,447,113231,,,,,,,172834,122284,233804,2026410,1380423,2817185,18063134,13227159,23801851,1.18174753545,1.00271482511,1.31275742886
2020-06-08,513,113744,,,,,,,180906,129145,243847,2096540,1436681,2902263,18244040,13356304,24045698,1.18538209907,1.02317856356,1.31256085839
2020-06-09,945,114689,,,,,,,189539,136330,254608,2173552,1498836,2995861,18433579,13492634,24300306,1.18814342959,1.04615549251,1.31184353022
2020-06-10,918,115607,,,,,,,198737,143832,266145,2257650,1566972,3098435,18632316,13636466,24566451,1.19004441642,1.06540474857,1.31078454974
2020-06-11,888,116495,,,,,,,208495,151542,278451,2349023,1640872,3210374,18840811,13788008,24844902,1.19111783181,1.06532536127,1.31002119092
2020-06-12,832,117327,,,,,,,218801,159932,290958,2447842,1720911,3331631,19059612,13947940,25135860,1.19135021099,1.06539405468,1.30957552775
2020-06-13,763,118090,,,,,,,229632,168809,304757,2554239,1807285,3462631,19289244,14116749,25440617,1.19075123961,1.06480802368,1.31084991193
2020-06-14,308,118398,,,,,,,240948,177930,319002,2668295,1899902,3603595,19530192,14294679,25759619,1.18932478093,1.0596656521,1.31083242837
2020-06-15,391,118789,,,,,,,252695,187307,333283,2790017,1998629,3754031,19782887,14481986,26092902,1.1870970251,1.04708009574,1.31053461739
2020-06-16,843,119632,,,,,,,264802,197039,348195,2919322,2103511,3914035,20047689,14679025,26441097,1.18409662285,1.03850849556,1.3105950789
2020-06-17,752,120384,,,,,,,277180,207049,362456,3056026,2214420,4082313,20324869,14886074,26803553,1.18031653933,1.03070557167,1.31003947101
2020-06-18,710,121094,,,,,,,289723,217169,376405,3199818,2331044,4258199,20614592,15103243,27179958,1.17578094384,1.02273101426,1.30989358052
2020-06-19,672,121766,,,,,,,302315,227804,390759,3350254,2453469,4441306,20916907,15331047,27570717,1.17050366199,1.01765493801,1.30935868308
2020-06-20,613,122379,,,,,,,314826,238413,405091,3506745,2581380,4630621,21231733,15569460,27975808,1.16452235783,1.00665063574,1.30843084387
2020-06-21,284,122663,,,,,,,327125,249157,418274,3668556,2714423,4824781,21558858,15818617,28394082,1.1579179657,0.99872634032,1.30699045631
2020-06-22,387,123050,,,,,,,339087,259947,431447,3834810,2852057,5022517,21897945,16078564,28825529,1.15077936205,0.989302444559,1.30629932809
2020-06-23,847,123897,,,,,,,350593,270346,443244,4004497,2993249,5222016,22248538,16348910,29268773,1.14322064259,0.982549912593,1.30543418606
2020-06-24,764,124661,,,,,,,361543,280506,455333,4176502,3137421,5422811,22610081,16629416,29724106,1.135362523,0.976727344492,1.30422841728
2020-06-25,559,125220,,,,,,,371852,290643,466341,4349618,3284234,5623036,22981933,16920059,30190447,1.12732237785,0.972038224197,1.30356139803
2020-06-26,612,125832,,,,,,,381455,299847,476693,4522578,3432549,5821276,23363388,17219906,30667140,1.11918444019,0.964774316913,1.30095639486
2020-06-27,500,126332,,,,,,,390304,308390,486161,4694080,3581019,6016449,23753692,17528296,31153301,1.11099746386,0.952373251209,1.29837325177
2020-06-28,251,126583,,,,,,,398372,315527,494051,4862821,3727770,6205682,24152064,17843823,31647352,1.10279438876,0.94371277415,1.29514841184
2020-06-29,364,126947,,,,,,,405651,322982,501245,5027524,3872892,6387854,24557715,18166805,32148597,1.09459166806,0.939075499586,1.28934139073
2020-06-30,735,127682,,,,,,,412149,328848,508805,5186978,4014495,6563315,24969864,18495653,32657402,1.08640400716,0.934502069753,1.28181590836
2020-07-01,687,128369,,,,,,,417890,333785,514859,5340065,4151302,6729927,25387754,18829438,33172261,1.07824942403,0.931075880194,1.272826245
2020-07-02,724,129093,,,,,,,422904,337974,521380,5485790,4282255,6888841,25810658,19167412,33693641,1.07016211187,0.925793495494,1.2620360016
2020-07-03,653,129746,,,,,,,427227,341206,527057,5623294,4406279,7039491,26237885,19508618,34220698,1.06219722021,0.923132765925,1.25843377107
2020-07-04,271,130017,,,,,,,430898,343506,531665,5751877,4521923,7180415,26668783,19852124,34752363,1.054423301,0.9208836025,1.25507741615
2020-07-05,299,130316,,,,,,,433953,345197,535536,5871004,4628631,7310898,27102736,20197321,35287899,1.04690919142,0.916143396408,1.25286710354
2020-07-06,351,130667,,,,,,,436430,346881,539031,5980309,4726269,7431665,27539166,20544202,35826930,1.03970830306,0.911938096413,1.24896809094
2020-07-07,1224,131891,,,,,,,438367,348160,542059,6079590,4814405,7542303,27977533,20892362,36368989,1.03285992276,0.910133055896,1.24546184986
2020-07-08,850,132741,,,,,,,439801,348546,545573,6168797,4892542,7644654,28417334,21240908,36914562,1.02638927125,0.908158256419,1.24006369465
2020-07-09,1012,133753,,,,,,,440767,348289,548334,6248021,4960242,7737676,28858101,21589197,37462896,1.02030656939,0.906235000927,1.22643420067
2020-07-10,830,134583,,,,,,,441300,347583,551570,6317469,5017125,7822960,29299401,21936780,38014466,1.01460787383,0.902400391571,1.21083366417
2020-07-11,691,135274,,,,,,,441432,346690,553963,6377445,5063925,7900278,29740833,22283470,38568429,1.00928036175,0.898997172341,1.19565378744
2020-07-12,451,135725,,,,,,,441193,345179,555797,6428334,5100681,7969960,30182026,22628649,39124226,1.00431008184,0.897320149955,1.18912102261
2020-07-13,389,136114,,,,,,,440611,343709,558143,6470573,5128850,8034085,30622637,22972358,39682369,0.999687501094,0.896491403854,1.17628757518
2020-07-14,928,137042,,,,,,,439713,341443,559618,6504636,5147322,8092506,31062350,23313801,40241987,0.995408322133,0.895295361045,1.15712836982
2020-07-15,968,138010,,,,,,,438523,338768,560345,6531009,5157264,8144097,31500873,23652569,40802332,0.99147083877,0.894753615172,1.14425154692
2020-07-16,953,138963,,,,,,,437062,335636,560669,6550182,5159138,8189956,31937935,23988205,41363001,0.987872512342,0.893644699341,1.12992759981
2020-07-17,920,139883,,,,,,,435352,332802,561410,6562631,5153995,8230042,32373287,24321007,41924411,0.984607295244,0.893307834749,1.11228970825
2020-07-18,870,140753,,,,,,,433412,329668,560778,6568815,5142480,8263818,32806699,24650675,42485189,0.981663931836,0.892590999334,1.08980989521
2020-07-19,445,141198,,,,,,,431259,326305,559909,6569176,5125294,8292111,33237958,24976980,43045098,0.97902526528,0.891968248933,1.07218173494
2020-07-20,514,141712,,,,,,,428908,322997,558771,6564131,5103103,8315390,33666866,25299977,43603869,0.976668740847,0.891458692872,1.05681000617
2020-07-21,1109,142821,,,,,,,426375,319439,557766,6554076,5075658,8334160,34093241,25619416,44161635,0.974568057136,0.890984001896,1.04503870833
2020-07-22,1211,144032,,,,,,,423672,315734,557199,6539381,5043228,8349316,34516913,25935150,44718834,0.972695458516,0.890567420091,1.04033807764
2020-07-23,1121,145153,,,,,,,420812,311481,556702,6520392,5006154,8360440,34937725,26246631,45275536,0.971023947966,0.889493040449,1.03781281158
2020-07-24,1123,146276,,,,,,,417806,307469,555732,6497431,4965324,8367817,35355531,26554100,45831268,0.969528838845,0.888707166914,1.03636175414
2020-07-25,901,147177,,,,,,,414665,303305,554007,6470797,4921033,8370226,35770196,26857405,46385275,0.968188397646,0.888258284336,1.0342307131
2020-07-26,477,147654,,,,,,,411400,299598,552070,6440765,4873925,8368307,36181596,27157003,46937345,0.966983683338,0.887522960205,1.03274726951
2020-07-27,1125,148779,,,,,,,408021,295300,550304,6407594,4824019,8362782,36589617,27452303,47487649,0.965897933995,0.886712458686,1.03155876578
2020-07-28,1368,150147,,,,,,,404537,290887,547968,6371520,4771157,8352583,36994154,27743190,48035617,0.964915905815,0.886150987716,1.02866695688
2020-07-29,1436,151583,,,,,,,400957,286380,545366,6332764,4716057,8338307,37395111,28029570,48580983,0.964023442204,0.885155021247,1.02777415408
2020-07-30,1216,152799,,,,,,,397290,282077,543316,6291531,4659334,8321276,37792401,28311647,49124299,0.963207346609,0.884530386288,1.02608789318
2020-07-31,1246,154045,,,,,,,393543,277725,540204,6248012,4601394,8300808,38185944,28589372,49664503,0.962455474607,0.884182015632,1.02515521359
2020-08-01,1111,155156,,,,,,,389726,273190,537375,6202385,4541764,8276785,38575670,28862562,50201878,0.961756905101,0.883820554578,1.02448133355
2020-08-02,406,155562,,,,,,,385846,268644,534152,6154819,4480727,8250192,38961516,29131206,50736030,0.961102077421,0.883324929878,1.0239095603
2020-08-03,539,156101,,,,,,,381910,264040,531006,6105470,4418443,8221317,39343426,29395246,51267036,0.960482839566,0.882945616742,1.02333060825
2020-08-04,1378,157479,,,,,,,377925,259669,527273,6054487,4355105,8189840,39721351,29654915,51794309,0.959892403083,0.882650338643,1.02275299979
2020-08-05,1372,158851,,,,,,,373900,255321,523317,6002012,4290980,8155400,40095251,29910236,52317626,0.959325227625,0.882342901038,1.02207581836
2020-08-06,1250,160101,,,,,,,369840,251113,519562,5948179,4226356,8117762,40465091,30161349,52837188,0.958776865791,0.882067525549,1.02147050077
2020-08-07,1243,161344,,,,,,,365753,246775,515754,5893120,4161647,8076812,40830844,30408124,53352942,0.958243794876,0.881758012549,1.02085428621
2020-08-08,1076,162420,,,,,,,361643,242468,512095,5836957,4096640,8033168,41192487,30650592,53865037,0.957723254039,0.881412567309,1.02024629764
2020-08-09,515,162935,,,,,,,357518,238058,507997,5779811,4031385,7987159,41550005,30888650,54373034,0.957213097518,0.88117107578,1.01963692403
2020-08-10,525,163460,,,,,,,353383,233807,504041,5721793,3965583,7939139,41903388,31122457,54877075,0.956711668471,0.880935803702,1.0190258593
2020-08-11,1064,164524,,,,,,,349242,229784,500463,5663013,3900057,7889307,42252630,31352241,55377538,0.956217694101,0.880706536371,1.01840060981
2020-08-12,1507,166031,,,,,,,345099,225851,496353,5603575,3835015,7837702,42597729,31578092,55873891,0.955730200559,0.880483084128,1.01777532058
2020-08-13,1076,167107,,,,,,,340960,221970,492119,5543578,3770600,7784481,42938689,31800062,56366010,0.955248445091,0.880265276035,1.01714789031
2020-08-14,1342,168449,,,,,,,336827,218038,487476,5483114,3706556,7728669,43275516,32018100,56853486,0.954771862643,0.880052955306,1.01651828549
2020-08-15,1029,169478,,,,,,,332704,213980,483756,5422275,3642805,7672241,43608220,32232080,57337242,0.954300024237,0.879845976003,1.01588650156
2020-08-16,571,170049,,,,,,,328593,210060,479540,5361142,3579668,7614426,43936813,32442140,57816782,0.95383260477,0.879644200649,1.01525255521
2020-08-17,445,170494,,,,,,,324498,206266,475309,5299795,3517288,7555610,44261311,32648406,58292091,0.95336935823,0.879447498495,1.01460860555
2020-08-18,1324,171818,,,,,,,320421,202570,471315,5238306,3455817,7495945,44581732,32850976,58763406,0.952910098692,0.879255744267,1.01377165604
2020-08-19,,,994,737,1321,172812,172555,173139,316363,198739,467122,5176744,3394886,7435819,44898095,33049715,59230528,,,
2020-08-20,,,988,728,1320,173800,173283,174458,312327,194795,462870,5115171,3334361,7375391,45210422,33244510,59693398,,,
2020-08-21,,,982,719,1318,174782,174003,175776,308315,191114,458280,5053645,3274363,7314115,45518737,33435624,60151678,,,
2020-08-22,,,975,710,1316,175758,174714,177091,304327,187486,453813,4992219,3215076,7252176,45823064,33623110,60605491,,,
2020-08-23,,,969,701,1314,176726,175415,178404,300365,183923,449541,4930941,3156532,7189618,46123429,33807033,61055032,,,
2020-08-24,,,961,692,1311,177687,176107,179715,296734,180678,445922,4870157,3099151,7127540,46420163,33987711,61500954,,,
2020-08-25,,,954,682,1306,178641,176790,181020,293125,177453,442167,4809899,3042796,7065668,46713288,34165164,61943121,,,
2020-08-26,,,946,672,1302,179587,177463,182322,289554,174334,438325,4750211,2987345,7003531,47002842,34339498,62381446,,,
2020-08-27,,,938,662,1297,180525,178126,183619,286035,171110,434763,4691147,2932601,6941948,47288877,34510608,62816209,,,
2020-08-28,,,930,653,1291,181455,178779,184909,282599,168111,431056,4632786,2878739,6880896,47571476,34678719,63247265,,,
2020-08-29,,,921,642,1284,182376,179422,186192,279278,165259,427372,4575238,2825956,6820797,47850754,34843978,63674637,,,
2020-08-30,,,913,632,1278,183289,180054,187469,276048,162572,424525,4518582,2774544,6761576,48126802,35006550,64099162,,,
2020-08-31,,,904,622,1271,184193,180677,188739,272891,159863,421357,4462880,2724347,6703406,48399693,35166413,64520519,,,
2020-09-01,,,895,611,1263,185088,181289,190002,269808,157254,418436,4408190,2675336,6646543,48669501,35323667,64938955,,,
2020-09-02,,,886,602,1254,185973,181891,191255,266800,154617,415424,4354570,2627385,6590665,48936301,35478284,65354379,,,
2020-09-03,,,876,592,1246,186850,182483,192500,263879,152068,412357,4302086,2580716,6535912,49200180,35630352,65766736,,,
2020-09-04,,,867,582,1238,187717,183066,193737,261045,149526,409484,4250803,2535449,6482538,49461225,35779878,66176220,,,
2020-09-05,,,858,572,1229,188574,183639,194966,258293,147351,407474,4200782,2491686,6431734,49719518,35927229,66583694,,,
2020-09-06,,,848,562,1220,189422,184201,196184,255622,144955,405265,4152077,2449157,6383185,49975140,36072184,66988959,,,
2020-09-07,,,839,552,1210,190261,184754,197393,253031,142657,402164,4104742,2407895,6335804,50228171,36214841,67391123,,,
2020-09-08,,,829,542,1202,191090,185297,198594,250523,140394,400283,4058531,2367615,6290166,50478694,36355235,67791406,,,
2020-09-09,,,819,533,1193,191909,185830,199786,248100,138352,398493,4013506,2328518,6246495,50726794,36493587,68189899,,,
2020-09-10,,,810,524,1184,192719,186355,200969,245762,136146,396198,3969714,2290334,6204366,50972556,36629733,68586097,,,
2020-09-11,,,800,515,1174,193519,186871,202141,243509,133997,394453,3927188,2253224,6164053,51216065,36763730,68980550,,,
2020-09-12,,,791,506,1163,194310,187377,203304,241341,131866,392993,3885930,2216983,6125992,51457406,36895596,69373543,,,
2020-09-13,,,781,497,1154,195091,187875,204457,239259,129759,392581,3845910,2181485,6091204,51696665,37025355,69766124,,,
2020-09-14,,,771,488,1144,195862,188363,205600,237264,127671,392334,3807126,2146585,6059021,51933929,37153026,70158458,,,
2020-09-15,,,762,479,1135,196624,188843,206733,235358,125513,391800,3769593,2112237,6029472,52169287,37278539,70550258,,,
2020-09-16,,,753,471,1125,197377,189315,207857,233541,123780,391028,3733326,2078766,6002066,52402828,37402319,70941286,,,
2020-09-17,,,743,462,1115,198120,189777,208971,231812,122050,390955,3698337,2046199,5977600,52634640,37524369,71332241,,,
2020-09-18,,,734,453,1105,198855,190231,210074,230169,120182,391878,3664627,2014315,5957129,52864809,37644551,71724119,,,
2020-09-19,,,725,445,1095,199580,190677,211169,228611,118355,393390,3632193,1983150,5941039,53093420,37762906,72117509,,,
2020-09-20,,,716,437,1087,200297,191115,212254,227134,116491,394833,3601034,1952296,5928397,53320554,37879397,72512342,,,
2020-09-21,,,708,429,1076,201004,191545,213329,225741,114614,395798,3571154,1921963,5918928,53546295,37994011,72908140,,,
2020-09-22,,,699,421,1067,201704,191967,214395,224429,112644,395819,3542552,1891955,5912578,53770724,38106655,73303959,,,
2020-09-23,,,691,414,1059,202394,192381,215452,223193,111098,396227,3515223,1862664,5908520,53993917,38217753,73700186,,,
2020-09-24,,,683,407,1050,203077,192788,216501,222033,109313,396629,3489156,1833627,5906651,54215950,38327066,74096815,,,
2020-09-25,,,675,400,1041,203752,193189,217541,220947,107729,399152,3464341,1805211,5909591,54436897,38434795,74495967,,,
2020-09-26,,,667,393,1033,204418,193582,218572,219936,106068,401298,3440768,1777280,5916419,54656833,38540863,74897265,,,
2020-09-27,,,659,386,1025,205077,193970,219596,218997,104506,403934,3418425,1749917,5927346,54875830,38645369,75301199,,,
2020-09-28,,,652,380,1018,205729,194350,220612,218128,102925,406295,3397294,1723083,5941046,55093958,38748294,75707494,,,
2020-09-29,,,644,374,1010,206373,194725,221621,217326,101508,409219,3377356,1696917,5957917,55311284,38849802,76116713,,,
2020-09-30,,,637,368,1003,207010,195093,222623,216588,100034,411733,3358586,1671435,5977844,55527872,38949836,76528446,,,
2020-10-01,,,630,362,997,207640,195456,223618,215917,98432,414856,3340962,1646082,6001666,55743789,39048268,76943302,,,
2020-10-02,,,623,356,990,208264,195812,224607,215309,97106,418426,3324459,1621133,6029130,55959098,39145374,77361728,,,
2020-10-03,,,617,350,985,208881,196163,225589,214764,95521,421915,3309055,1596470,6059155,56173862,39240895,77783643,,,
2020-10-04,,,611,345,978,209491,196509,226566,214279,94043,425347,3294723,1572160,6091098,56388141,39334938,78208990,,,
2020-10-05,,,604,339,972,210096,196848,227536,213852,92595,428785,3281441,1548266,6125037,56601993,39427533,78637775,,,
2020-10-06,,,599,334,967,210694,197183,228502,213482,91264,432069,3269182,1524917,6161303,56815475,39518797,79069844,,,
2020-10-07,,,593,329,962,211287,197513,229462,213168,89910,435689,3257921,1502184,6201171,57028643,39608707,79505533,,,
2020-10-08,,,587,324,957,211874,197838,230417,212909,88590,439103,3247636,1479676,6244045,57241552,39697297,79944636,,,
2020-10-09,,,582,319,953,212456,198157,231367,212702,87331,442410,3238305,1457694,6289823,57454254,39784628,80387046,,,
2020-10-10,,,577,314,951,213033,198472,232317,212545,86160,446598,3229903,1436122,6337254,57666799,39870788,80833644,,,
2020-10-11,,,572,309,951,213605,198781,233265,212438,85037,450101,3222405,1415088,6386041,57879237,39955825,81283745,,,
2020-10-12,,,567,304,949,214172,199086,234212,212377,83882,453604,3215785,1394460,6435699,58091614,40039707,81737349,,,
2020-10-13,,,563,299,948,214735,199385,235158,212362,82755,457523,3210018,1374287,6486920,58303976,40122462,82194872,,,
2020-10-14,,,558,294,946,215293,199681,236102,212391,81658,461752,3205083,1354436,6539445,58516367,40204120,82656624,,,
2020-10-15,,,554,290,947,215847,199972,237046,212463,80707,466296,3200957,1335108,6593998,58728830,40284827,83122920,,,
2020-10-16,,,550,286,949,216398,200259,237993,212577,79682,470602,3197617,1316355,6649733,58941407,40364509,83593522,,,
2020-10-17,,,547,282,951,216944,200541,238942,212729,78597,474772,3195037,1297843,6706057,59154136,40443106,84068294,,,
2020-10-18,,,543,277,954,217487,200820,239894,212918,77484,478585,3193191,1279805,6762694,59367054,40520590,84546879,,,
2020-10-19,,,540,273,954,218027,201093,240845,213142,76509,482690,3192053,1262271,6820001,59580196,40597099,85029569,,,
2020-10-20,,,537,268,954,218563,201362,241796,213399,75659,486766,3191600,1245336,6877950,59793595,40672758,85516335,,,
2020-10-21,,,534,264,956,219097,201628,242749,213688,74609,490680,3191806,1228683,6936533,60007283,40747367,86007015,,,
2020-10-22,,,531,260,957,219628,201889,243703,214007,73723,494689,3192645,1212497,6995511,60221290,40821090,86501704,,,
2020-10-23,,,528,256,961,220156,202146,244661,214354,72818,498255,3194091,1196726,7054643,60435644,40893908,86999959,,,
2020-10-24,,,526,253,967,220682,202400,245624,214727,71923,501844,3196117,1181317,7114066,60650371,40965831,87501803,,,
2020-10-25,,,523,249,971,221205,202650,246592,215125,71163,506112,3198697,1166322,7173574,60865496,41036994,88007915,,,
2020-10-26,,,521,245,977,221727,202896,247566,215546,70299,510010,3201804,1151587,7233487,61081042,41107293,88517925,,,
2020-10-27,,,519,241,983,222246,203139,248545,215988,69544,513571,3205415,1137254,7293450,61297030,41176837,89031496,,,
2020-10-28,,,518,238,989,222764,203378,249530,216449,68844,517039,3209502,1123344,7352953,61513479,41245681,89548535,,,
2020-10-29,,,516,234,997,223280,203613,250523,216928,68203,521048,3214040,1109891,7412242,61730407,41313884,90069583,,,
2020-10-30,,,515,231,1005,223794,203846,251524,217422,67521,524742,3218999,1096706,7470684,61947829,41381405,90594325,,,
2020-10-31,,,513,228,1013,224308,204075,252533,217930,66885,528554,3224353,1083909,7528631,62165759,41448290,91122879,,,
2020-11-01,,,512,224,1021,224820,204300,253550,218450,66299,532221,3230074,1071610,7586072,62384209,41514589,91655100,,,
