date,actual_deaths,total_deaths,predicted_deaths_mean,predicted_deaths_lower,predicted_deaths_upper,predicted_total_deaths_mean,predicted_total_deaths_lower,predicted_total_deaths_upper,predicted_new_infected_mean,predicted_new_infected_lower,predicted_new_infected_upper,predicted_current_infected_mean,predicted_current_infected_lower,predicted_current_infected_upper,predicted_total_infected_mean,predicted_total_infected_lower,predicted_total_infected_upper,r_values_mean,r_values_lower,r_values_upper
2020-02-05,0,0,,,,,,,120,62,170,120,62,170,120,62,170,2.2837165555,2.1,2.4
2020-02-06,0,0,,,,,,,120,62,170,240,124,340,240,124,340,2.28370920839,2.09999736672,2.39999984579
2020-02-07,0,0,,,,,,,120,62,170,360,186,510,360,186,510,2.28370673729,2.09999640377,2.39999976422
2020-02-08,0,0,,,,,,,120,62,170,479,248,680,480,248,680,2.28370342526,2.09999508842,2.3999996387
2020-02-09,0,0,,,,,,,282,161,391,762,424,1059,762,409,1071,2.28369898223,2.09999329163,2.39999945538
2020-02-10,0,0,,,,,,,282,161,391,1044,591,1445,1044,570,1462,2.28369301644,2.0999908811,2.39999916217
2020-02-11,0,0,,,,,,,282,161,391,1327,756,1833,1326,731,1853,2.28368499822,2.09998766325,2.39999872029
2020-02-12,0,0,,,,,,,282,161,391,1609,919,2222,1608,892,2244,2.28367421053,2.09998328554,2.39999807524
2020-02-13,0,0,,,,,,,464,279,636,2073,1219,2839,2072,1171,2880,2.28365968132,2.09997713805,2.3999971112
2020-02-14,0,0,,,,,,,662,406,898,2735,1631,3732,2734,1577,3778,2.28361683201,2.09994464661,2.3999780126
2020-02-15,0,0,,,,,,,1070,670,1407,3805,2346,5113,3804,2247,5185,2.28358748006,2.09992991898,2.39997407277
2020-02-16,0,0,,,,,,,1910,1193,2440,5716,3633,7504,5714,3440,7625,2.28354219747,2.09990520583,2.39996347203
2020-02-17,0,0,,,,,,,3168,2076,4001,8884,5827,11426,8882,5516,11626,2.28348432145,2.09987469359,2.3999512082
2020-02-18,0,0,,,,,,,3578,2386,4529,12462,8251,15931,12460,7902,16155,2.28340854732,2.09983308191,2.39993609198
2020-02-19,0,0,,,,,,,4180,2834,5271,16642,11139,21171,16640,10736,21426,2.28330790234,2.09978171968,2.39991596714
2020-02-20,0,0,,,,,,,4315,2934,5451,20837,14021,26447,20955,13670,26877,2.28317227229,2.09971331842,2.39988845101
2020-02-21,0,0,,,,,,,4827,3337,6089,25544,17320,32349,25782,17007,32966,2.28298820794,2.0996213004,2.39984940395
2020-02-22,0,0,,,,,,,5882,4129,7433,31307,21431,39575,31664,21136,40399,2.2827404835,2.09949935101,2.39979540141
2020-02-23,0,0,,,,,,,7097,5063,8943,38284,26519,48290,38761,26199,49342,2.28240708982,2.09932523126,2.39971908529
2020-02-24,0,0,,,,,,,8936,6368,11300,46938,32795,59151,47697,32567,60642,2.28195641851,2.09909679783,2.39960977857
2020-02-25,0,0,,,,,,,13290,9158,16788,59946,41931,75455,60987,41725,77430,2.28134496159,2.09878773803,2.39945237303
2020-02-26,0,0,,,,,,,16201,11297,20438,75865,53105,95475,77188,53022,97868,2.2805127008,2.09836797591,2.39922335387
2020-02-27,0,0,,,,,,,17645,12252,22384,93227,65206,117462,94833,65274,120252,2.27937825282,2.09779622678,2.39886895441
2020-02-28,0,0,,,,,,,21212,14571,27058,113974,79495,143878,116045,79845,147310,2.27782933507,2.09702278383,2.39839874209
2020-02-29,1,1,,,,,,,25593,17171,33000,138906,96260,175950,141638,97016,180310,2.27571042921,2.0958641352,2.3976929224
2020-03-01,0,1,,,,,,,32908,21702,42788,170744,117344,217246,174546,118718,223098,2.27280689599,2.09436020991,2.39672896079
2020-03-02,5,6,,,,,,,40759,26567,53427,209593,142804,268129,215305,145285,276525,2.26882362896,2.0925450216,2.39531540737
2020-03-03,1,7,,,,,,,50409,32667,66761,256833,173477,330784,265714,177952,343286,2.26335711097,2.08962319045,2.39329725985
2020-03-04,4,11,,,,,,,61497,39270,82336,314752,210453,408453,327211,217222,425622,2.25585885913,2.08587046231,2.39015855008
2020-03-05,1,12,,,,,,,76437,48245,102833,387009,255963,505867,403648,265467,528455,2.24559071644,2.08125468722,2.38535407601
2020-03-06,2,14,,,,,,,93259,58008,127121,475953,311135,627323,496907,323475,655576,2.23157526284,2.07237570812,2.37807144405
2020-03-07,3,17,,,,,,,112608,69717,154307,583734,377595,775359,609515,393192,809883,2.21254960103,2.06214865929,2.36702750063
2020-03-08,4,21,,,,,,,134366,83579,185619,712218,457055,953382,743881,476771,995502,2.18694111056,2.04650059161,2.35073550001
2020-03-09,1,22,,,,,,,158297,99834,219650,863417,551740,1163974,902178,576605,1215152,2.15289876619,2.02059891698,2.32630260264
2020-03-10,6,28,,,,,,,184105,119368,254285,1038586,664566,1406945,1086283,695973,1469437,2.10843055495,1.96632221296,2.29367865659
2020-03-11,5,33,,,,,,,209012,139093,285080,1234308,794483,1675205,1295295,835066,1754517,2.05170093443,1.89079783179,2.25796372012
2020-03-12,10,43,,,,,,,231813,154353,310317,1449920,937443,1965177,1527108,989419,2064834,1.98150373978,1.80163601363,2.22838309805
2020-03-13,9,52,,,,,,,251934,167696,331783,1684210,1092806,2274689,1779042,1157115,2396617,1.89782254114,1.69973597317,2.19001169277
2020-03-14,6,58,,,,,,,268472,178360,351958,1931470,1256519,2599667,2047514,1335475,2748575,1.8022571559,1.59520912901,2.12499405883
2020-03-15,12,70,,,,,,,281884,187870,367948,2187760,1427209,2934557,2329398,1523345,3116523,1.69805862375,1.45520177562,2.05218094211
2020-03-16,27,97,,,,,,,291992,196401,381639,2446844,1601960,3273268,2621390,1719746,3498162,1.58968082399,1.33683937673,1.97360529826
2020-03-17,35,132,,,,,,,299264,203737,393327,2705350,1779231,3613016,2920654,1923483,3891489,1.48202108206,1.22787570511,1.88950558117
2020-03-18,58,190,,,,,,,304301,210311,402679,2959241,1957068,3948769,3224955,2133794,4294168,1.37964672943,1.13391708607,1.78730771094
2020-03-19,78,268,,,,,,,307523,216124,406483,3205268,2134242,4272720,3532478,2349918,4700651,1.2862205264,1.06154876294,1.67141254457
2020-03-20,98,366,,,,,,,309394,221632,408186,3438224,2308119,4577804,3841872,2571550,5108837,1.20418773524,1.00859661075,1.54532620391
2020-03-21,95,461,,,,,,,310071,225617,406731,3655037,2476336,4857098,4151943,2797167,5515568,1.13470099558,0.971675615764,1.43804951526
2020-03-22,148,609,,,,,,,309742,229052,404235,3852171,2636381,5106722,4461685,3026219,5919803,1.07773939722,0.944706240209,1.33301267732
2020-03-23,187,796,,,,,,,308625,231869,400992,4026430,2785445,5321823,4770310,3258088,6320795,1.03237241244,0.924805138076,1.24160176846
2020-03-24,240,1036,,,,,,,306848,233945,395367,4174981,2920396,5497317,5077158,3492033,6716162,0.997101630093,0.912903381441,1.16661638169
2020-03-25,315,1351,,,,,,,304522,235100,391254,4295398,3037024,5634151,5381680,3727133,7107416,0.970197522912,0.896986121645,1.1043763807
2020-03-26,422,1773,,,,,,,301708,235905,386969,4388094,3134768,5735919,5683388,3963038,7494385,0.949961473702,0.881451187176,1.05604370194
2020-03-27,557,2330,,,,,,,298449,235921,380581,4454730,3217232,5805994,5981837,4198959,7874966,0.934884196229,0.86956411142,1.01510894535
2020-03-28,653,2983,,,,,,,294795,235459,373643,4497590,3285778,5847525,6276632,4434418,8248609,0.923711783422,0.859775214951,0.98510254246
2020-03-29,633,3616,,,,,,,290816,234403,365878,4519935,3342432,5861039,6567448,4668821,8614487,0.915449491125,0.853850039708,0.967586334224
2020-03-30,832,4448,,,,,,,286481,232767,358236,4524532,3387650,5850804,6853929,4901588,8972723,0.909332903874,0.849131257363,0.959276430936
2020-03-31,1253,5701,,,,,,,281859,229501,350361,4514399,3420663,5819077,7135788,5131089,9323084,0.904787316076,0.845958947418,0.953401575574
2020-04-01,1263,6964,,,,,,,276984,225532,342502,4492119,3441954,5768002,7412772,5356621,9665586,0.901387041536,0.843659075402,0.949488131635
2020-04-02,1609,8573,,,,,,,271896,221289,334240,4459714,3452137,5699608,7684668,5577910,9999826,0.898819908341,0.84210810097,0.946831802182
2020-04-03,1342,9915,,,,,,,266633,216710,327132,4418823,3451717,5620492,7951301,5794620,10326958,0.896858477177,0.840862913713,0.94472103744
2020-04-04,1326,11241,,,,,,,261229,211802,319991,4370659,3440703,5532652,8212530,6006422,10646949,0.895337712938,0.839868557366,0.943108364457
2020-04-05,1494,12735,,,,,,,255722,206981,312725,4316310,3420902,5439076,8468252,6213403,10959674,0.894138136558,0.839079188655,0.941957707654
2020-04-06,1734,14469,,,,,,,250152,202147,306517,4256720,3392901,5341906,8718404,6415550,11266191,0.893173338528,0.838471275403,0.940951022051
2020-04-07,2376,16845,,,,,,,244554,197340,299773,4192648,3357429,5241304,8962958,6612890,11565964,0.89238083268,0.837969456292,0.940205806156
2020-04-08,2185,19030,,,,,,,238964,192609,292953,4124764,3315371,5139450,9201922,6805499,11858917,0.891715406934,0.837510924428,0.939716007912
2020-04-09,2146,21176,,,,,,,233413,187822,286776,4053655,3267572,5035558,9435335,6993321,12145693,0.891144312078,0.837000227962,0.939200511987
2020-04-10,2149,23325,,,,,,,227929,182996,280598,3979876,3214315,4929732,9663264,7176317,12426291,0.890643790284,0.836594323714,0.938759220281
2020-04-11,2120,25445,,,,,,,222532,178409,274405,3903959,3156624,4824029,9885796,7354726,12700696,0.890196574083,0.836063258324,0.938349099765
2020-04-12,1849,27294,,,,,,,217239,173757,268492,3826403,3094836,4719197,10103035,7528483,12969188,0.889785901188,0.835662219377,0.937970568151
2020-04-13,1902,29196,,,,,,,212059,169132,262893,3747646,3029517,4616380,10315094,7697615,13232081,0.889406473512,0.835350846867,0.937614480321
2020-04-14,2457,31653,,,,,,,207001,164761,257310,3668166,2961433,4515519,10522095,7862376,13489391,0.889054481409,0.834957018914,0.937309715386
2020-04-15,2608,34261,,,,,,,202066,160431,251806,3588373,2892266,4416955,10724161,8022807,13741197,0.888726769288,0.834677288043,0.936992769399
2020-04-16,2173,36434,,,,,,,197256,156255,246478,3508645,2822910,4320874,10921417,8179062,13987675,0.888421979369,0.834431387685,0.936677423991
2020-04-17,2663,39097,,,,,,,192570,151957,241386,3429319,2753513,4227947,11113987,8331019,14229061,0.888129887832,0.834081420332,0.936388808834
2020-04-18,2444,41541,,,,,,,188005,147806,236348,3350691,2684564,4137097,11301992,8478825,14465409,0.887851950194,0.833849115616,0.936112830012
2020-04-19,1273,42814,,,,,,,183559,143818,231523,3273020,2616565,4048605,11485551,8622643,14696932,0.887587083868,0.833685348517,0.935836417788
2020-04-20,1834,44648,,,,,,,179228,139936,226998,3196526,2549524,3962921,11664779,8762579,14923930,0.887337042997,0.833481589642,0.93556457067
2020-04-21,2496,47144,,,,,,,175010,136074,222500,3121384,2483472,3878965,11839789,8898653,15146430,0.887102274706,0.833295629497,0.935315413417
2020-04-22,2425,49569,,,,,,,170902,132400,218229,3047732,2418555,3797507,12010691,9031053,15364659,0.886882348482,0.833149358626,0.935009156147
2020-04-23,2464,52033,,,,,,,166900,128731,213960,2975669,2354701,3718617,12177591,9159784,15578619,0.886680794772,0.832980320658,0.934753210651
2020-04-24,2151,54184,,,,,,,163003,125120,209781,2905259,2292015,3641730,12340594,9284904,15788400,0.886500925264,0.83285042296,0.934496191687
2020-04-25,1690,55874,,,,,,,159211,121618,205760,2836541,2230647,3567006,12499805,9406522,15994160,0.88634858079,0.832890644564,0.934273333142
2020-04-26,1325,57199,,,,,,,155523,118224,201845,2769532,2170458,3494557,12655328,9524746,16196005,0.886231299415,0.832898010988,0.934053818
2020-04-27,1462,58661,,,,,,,151937,114884,198060,2704230,2111579,3424234,12807265,9639630,16394065,0.886159225622,0.832843738177,0.933860217111
2020-04-28,2252,60913,,,,,,,148452,111713,194516,2640623,2054154,3355957,12955717,9751343,16588581,0.886146676533,0.832727880167,0.933668868187
2020-04-29,2527,63440,,,,,,,145068,108542,191039,2578690,1997924,3289775,13100785,9859885,16779620,0.886212798529,0.832670330643,0.933484114593
2020-04-30,2322,65762,,,,,,,141786,105504,187696,2518411,1942986,3225729,13242571,9965389,16967316,0.886383479735,0.832662597523,0.933319982374
2020-05-01,1894,67656,,,,,,,138604,102501,184364,2459759,1889220,3163658,13381175,10067890,17151680,0.886693277125,0.832767685013,0.933444878308
2020-05-02,1696,69352,,,,,,,135527,99701,181022,2402717,1836950,3103324,13516702,10167591,17332702,0.88718755954,0.832761776218,0.933506573846
2020-05-03,1121,70473,,,,,,,132555,96970,177850,2347267,1786100,3044843,13649257,10264561,17510552,0.887924933164,0.832874749868,0.933565154419
2020-05-04,1332,71805,,,,,,,129692,94316,174921,2293400,1736585,2988256,13778949,10358877,17685473,0.888979110623,0.833031953026,0.934209433525
2020-05-05,2319,74124,,,,,,,126941,91782,172015,2241114,1688418,2933282,13905890,10450659,17857488,0.890439414228,0.833276274705,0.934982901111
2020-05-06,2362,76486,,,,,,,124309,89344,169278,2190412,1641681,2880059,14030199,10540003,18026766,0.89240846281,0.833908644959,0.938741929025
2020-05-07,1934,78420,,,,,,,121802,86928,166504,2141312,1596204,2828331,14152001,10626931,18193270,0.894995413615,0.834367994136,0.943911795401
2020-05-08,1749,80169,,,,,,,119428,84747,163912,2093839,1552216,2778280,14271429,10711678,18357182,0.89830389899,0.835122495342,0.958576655898
2020-05-09,1493,81662,,,,,,,117195,82668,161563,2048031,1509761,2730056,14388624,10794346,18518745,0.90241632616,0.835903313447,0.980581336686
2020-05-10,896,82558,,,,,,,115117,80816,159287,2003937,1468958,2683579,14503741,10875162,18678032,0.907380244172,0.837577113524,1.00780362862
2020-05-11,1020,83578,,,,,,,113204,79028,157095,1961618,1429759,2638827,14616945,10954190,18835127,0.913205119206,0.839771202816,1.02942828099
2020-05-12,1627,85205,,,,,,,111472,77412,155249,1921153,1392289,2596016,14728417,11031602,18990376,0.919874347197,0.844026133667,1.06096892601
2020-05-13,1760,86965,,,,,,,109934,75980,153500,1882634,1356556,2555000,14838351,11107582,19143876,0.927367012545,0.849832945657,1.09129405196
2020-05-14,1783,88748,,,,,,,108605,74670,152200,1846171,1322685,2516152,14946956,11182252,19296076,0.935675303614,0.85760141211,1.11825415973
2020-05-15,1673,90421,,,,,,,107501,73538,150992,1811885,1290727,2479438,15054457,11255790,19447068,0.944806808973,0.868375305212,1.14152246257
2020-05-16,1220,91641,,,,,,,106636,72588,150036,1779917,1260827,2445097,15161093,11328378,19597104,0.954773367696,0.876721880809,1.16083020974
2020-05-17,755,92396,,,,,,,106023,71870,149581,1750413,1233010,2413634,15267116,11400248,19746685,0.965575268662,0.876851768585,1.17633031179
2020-05-18,776,93172,,,,,,,105676,71350,149418,1723535,1207409,2385174,15372792,11471598,19896103,0.977184432038,0.877312433246,1.18843805626
2020-05-19,1552,94724,,,,,,,105608,71177,149485,1699451,1184293,2359709,15478400,11542775,20045588,0.989523446927,0.878149024181,1.19875353462
2020-05-20,1577,96301,,,,,,,105829,71183,149888,1678338,1163723,2337548,15584229,11613958,20195476,1.00244355173,0.878945338281,1.2087469706
2020-05-21,1235,97536,,,,,,,106348,71446,150607,1660378,1145856,2318834,15690577,11685404,20346083,1.01571902342,0.87943042783,1.21481458693
2020-05-22,1270,98806,,,,,,,107175,71977,151657,1645752,1130944,2303947,15797752,11757381,20497740,1.02907646834,0.880030009033,1.22204326883
2020-05-23,1130,99936,,,,,,,108319,72843,153013,1634643,1119083,2293015,15906071,11830224,20650753,1.04225446205,0.880974564936,1.23410099879
2020-05-24,604,100540,,,,,,,109787,73901,154641,1627235,1110358,2286068,16015858,11904125,20805394,1.05506224818,0.88271786165,1.2436436585
2020-05-25,518,101058,,,,,,,111587,75226,156828,1623705,1104810,2283582,16127445,11979351,20962222,1.06740579015,0.885641922944,1.25126288944
2020-05-26,691,101749,,,,,,,113734,76938,159287,1624235,1102761,2285756,16241179,12056289,21121509,1.07927561873,0.889703565775,1.26017865689
2020-05-27,1513,103262,,,,,,,116236,78939,162219,1628999,1104326,2292713,16357415,12135228,21283728,1.09071411304,0.894232636963,1.27014885246
2020-05-28,1187,104449,,,,,,,119100,81352,165584,1638165,1109727,2304786,16476515,12216580,21449312,1.10177661106,0.900441979745,1.2811991977
2020-05-29,1171,105620,,,,,,,122337,83989,169570,1651897,1119068,2322133,16598852,12300569,21618882,1.11249260928,0.909131901617,1.29129028292
2020-05-30,971,106591,,,,,,,125960,87047,174035,1670357,1132598,2345153,16724812,12387616,21792917,1.12287100575,0.920567209859,1.29859166367
2020-05-31,590,107181,,,,,,,129987,90545,178728,1693708,1150566,2373822,16854799,12478161,21971645,1.13283372203,0.931551759601,1.30404072846
2020-06-01,776,107957,,,,,,,134434,94308,183989,1722119,1173007,2408201,16989233,12572469,22155634,1.14228683742,0.938718201154,1.30792419656
2020-06-02,1037,108994,,,,,,,139316,98453,189701,1755758,1200106,2448442,17128549,12670922,22345335,1.15110171073,0.943968490333,1.31003949003
2020-06-03,1009,110003,,,,,,,144650,102931,196016,1794801,1231850,2494926,17273199,12773853,22541351,1.15916692863,0.95205133787,1.31231614549
2020-06-04,1021,111024,,,,,,,150456,107786,202672,1839428,1268446,2547664,17423655,12881639,22744023,1.16641364181,0.962223925741,1.3135773252
2020-06-05,949,111973,,,,,,,156750,113103,210357,1889829,1310093,2607357,17580405,12994742,22954380,1.17281582196,0.975921066892,1.31391427499
2020-06-06,687,112660,,,,,,,163552,118650,218816,1946206,1356757,2674449,17743957,13113392,23173196,1.17837968851,0.994689023091,1.31402366362
2020-06-07,446,113106,,,,,,,170881,124616,227734,2008768,1408521,2749098,17914838,13238008,23400930,1.18308637471,1.01134580386,1.3139466779
2020-06-08,506,113612,,,,,,,178751,131117,237584,2077732,1465731,2831968,18093589,13369125,23638514,1.18693786244,1.03101544058,1.31317622519
2020-06-09,944,114556,,,,,,,187173,138068,247790,2153317,1528564,2922863,18280762,13507193,23886304,1.18992100872,1.05704291576,1.31339850018
2020-06-10,919,115475,,,,,,,196154,145543,258929,2235738,1597157,3022442,18476916,13652736,24145233,1.19204701717,1.0625535304,1.31218092249
2020-06-11,882,116357,,,,,,,205694,153325,270722,2325196,1671532,3130892,18682610,13806061,24415955,1.19334574232,1.06195904748,1.31228194623
2020-06-12,826,117183,,,,,,,215783,161712,282979,2421879,1751887,3248254,18898393,13967773,24698934,1.19381598324,1.05992574297,1.31148733643
2020-06-13,753,117936,,,,,,,226403,170391,295657,2525945,1838283,3374325,19124796,14138164,24994591,1.1934704778,1.05624810784,1.31178204597
2020-06-14,299,118235,,,,,,,237519,179418,309718,2637503,1930652,3510003,19362315,14317582,25304309,1.19231638286,1.04579790914,1.31145607994
2020-06-15,392,118627,,,,,,,249081,188896,324100,2756597,2029004,3655377,19611396,14506478,25628409,1.19040962532,1.03223206343,1.31176811355
2020-06-16,841,119468,,,,,,,261027,198532,338750,2883190,2133233,3810165,19872423,14705010,25967159,1.18779221642,1.02222532319,1.31217687237
2020-06-17,751,120219,,,,,,,273276,208615,353171,3017150,2243387,3973678,20145699,14913625,26320330,1.18447468702,1.01391089174,1.31192587164
2020-06-18,705,120924,,,,,,,285734,218934,368231,3158234,2359370,4145938,20431433,15132559,26688561,1.18046512372,1.00517206461,1.31185850371
2020-06-19,672,121596,,,,,,,298294,229520,382421,3306071,2481081,4325747,20729727,15362079,27070982,1.17576563335,0.999833847647,1.31116049189
2020-06-20,611,122207,,,,,,,310839,239433,396652,3460160,2607390,4512099,21040566,15601512,27467634,1.17040881248,0.994825580857,1.31101316166
2020-06-21,279,122486,,,,,,,323244,249664,410196,3619852,2738385,4703518,21363810,15851176,27877830,1.16445506646,0.989845114959,1.3102508959
2020-06-22,387,122873,,,,,,,335385,260168,423780,3784355,2873909,4899560,21699195,16111344,28301610,1.1579694204,0.979952659386,1.3095878358
2020-06-23,839,123712,,,,,,,347138,269912,437026,3952742,3012680,5098992,22046333,16381256,28738636,1.15105141074,0.973924317568,1.30877322571
2020-06-24,757,124469,,,,,,,358394,280029,450605,4123963,3154621,5301786,22404727,16661285,29189241,1.14379268269,0.968739196964,1.30768913025
2020-06-25,554,125023,,,,,,,369060,288784,462448,4296869,3297849,5505257,22773787,16950069,29651689,1.13630645932,0.962931135501,1.30628958794
2020-06-26,605,125628,,,,,,,379062,297177,474451,4470237,3441693,5708945,23152849,17247246,30126140,1.12866937371,0.952995648416,1.30600250145
2020-06-27,489,126117,,,,,,,388346,303976,485058,4642800,3583959,5910982,23541195,17551222,30611198,1.12092432573,0.943796503734,1.30570863047
2020-06-28,241,126358,,,,,,,396878,310216,496374,4813274,3723781,6111660,23938073,17861438,31107572,1.11310442574,0.938526278734,1.30442009422
2020-06-29,350,126708,,,,,,,404638,314938,506900,4980394,3859303,6308830,24342711,18176376,31614472,1.10521827868,0.935360960319,1.30281591448
2020-06-30,721,127429,,,,,,,411623,318946,517622,5142935,3989346,6502374,24754334,18495322,32132094,1.09727442364,0.930189941979,1.30061270024
2020-07-01,673,128102,,,,,,,417843,321334,527729,5299751,4112136,6691407,25172177,18816656,32659823,1.08928136167,0.925091061017,1.29845305135
2020-07-02,698,128800,,,,,,,423321,323637,538190,5449797,4227146,6876508,25595498,19140293,33198013,1.08125773425,0.921084500799,1.29634711334
2020-07-03,639,129439,,,,,,,428087,325101,548635,5592150,4333304,7057010,26023585,19465394,33746648,1.07324131891,0.917187981449,1.29254122348
2020-07-04,247,129686,,,,,,,432179,325550,558334,5726035,4429327,7233000,26455764,19790944,34304982,1.06528620596,0.914692997137,1.28753677394
2020-07-05,271,129957,,,,,,,435637,325471,567842,5850833,4515359,7404257,26891401,20116415,34872824,1.05745701122,0.912112133681,1.2811114593
2020-07-06,325,130282,,,,,,,438505,325505,576086,5966093,4591200,7570181,27329906,20441920,35448910,1.04981763021,0.910754823949,1.27333766108
2020-07-07,1195,131477,,,,,,,440826,325216,583607,6071535,4656251,7729983,27770732,20767136,36032517,1.04243001261,0.908815663172,1.26399372643
2020-07-08,820,132297,,,,,,,442644,324274,590594,6167041,4710625,7883506,28213376,21091410,36623111,1.03534906697,0.907269982559,1.25395666838
2020-07-09,990,133287,,,,,,,444001,322943,598498,6252648,4753552,8031340,28657377,21414353,37221609,1.0286161572,0.905713449527,1.24239788381
2020-07-10,811,134098,,,,,,,444937,321707,603426,6328525,4786479,8172259,29102314,21736060,37825035,1.02225610996,0.904350914459,1.23214098922
2020-07-11,676,134774,,,,,,,445489,320112,608026,6394953,4809397,8305761,29547803,22056172,38433061,1.01628097792,0.902839090307,1.22345274093
2020-07-12,428,135202,,,,,,,445695,317763,612900,6452301,4823148,8433511,29993498,22373935,39045961,1.01069763149,0.901224195956,1.20659298356
2020-07-13,361,135563,,,,,,,445584,315889,617585,6501007,4828790,8554645,30439082,22689824,39663546,1.00551314276,0.900236467001,1.19251977649
2020-07-14,900,136463,,,,,,,445185,313482,620814,6541554,4827306,8668490,30884267,23003306,40284360,1.00073494262,0.897687795055,1.17980213038
2020-07-15,949,137412,,,,,,,444521,311149,622776,6574453,4819495,8773590,31328788,23314455,40907136,0.996367618778,0.896482286464,1.16444922571
2020-07-16,943,138355,,,,,,,443613,309403,625138,6600222,4807566,8870941,31772401,23623858,41532274,0.992409777591,0.896114203594,1.14561639691
2020-07-17,908,139263,,,,,,,442477,306815,626056,6619379,4790750,8958756,32214878,23930673,42158330,0.988852513667,0.89577730519,1.12831408128
2020-07-18,853,140116,,,,,,,441128,303908,627124,6632419,4769567,9037185,32656006,24234581,42785454,0.985679137241,0.894681393691,1.10921109084
2020-07-19,415,140531,,,,,,,439576,301016,627919,6639817,4745038,9106701,33095582,24535597,43413373,0.982865652761,0.890690711433,1.08861813463
2020-07-20,491,141022,,,,,,,437832,297943,627871,6642012,4717512,9166693,33533414,24833540,44041244,0.980382016456,0.889556824047,1.07391727481
2020-07-21,1096,142118,,,,,,,435905,294800,627916,6639412,4686803,9218499,33969319,25128340,44669160,0.978194218389,0.888076211827,1.06430187255
2020-07-22,1195,143313,,,,,,,433801,291432,626425,6632388,4653017,9261293,34403120,25419772,45295585,0.976266826035,0.886789471122,1.05518807374
2020-07-23,1114,144427,,,,,,,431530,287862,625395,6621274,4616601,9296097,34834650,25707634,45920980,0.974565377837,0.886153073246,1.04679582307
2020-07-24,1130,145557,,,,,,,429098,284283,624023,6606371,4577932,9321657,35263748,25991917,46545003,0.973058119608,0.885577511085,1.04307864697
2020-07-25,905,146462,,,,,,,426512,281062,623183,6587947,4537268,9341452,35690260,26272979,47168186,0.971716873007,0.88455835155,1.04094249967
2020-07-26,470,146932,,,,,,,423780,277765,621617,6566238,4494899,9355107,36114040,26550744,47789803,0.970517126703,0.88388594104,1.03939365913
2020-07-27,1077,148009,,,,,,,420909,274234,619560,6541452,4451348,9361834,36534949,26824978,48409363,0.969437638864,0.883262730235,1.03668968638
2020-07-28,1362,149371,,,,,,,417904,270512,617056,6513772,4405947,9361361,36952853,27095490,49026419,0.968459884719,0.882948391257,1.03531788923
2020-07-29,1448,150819,,,,,,,414774,266716,614305,6483361,4359158,9354882,37367627,27362206,49640724,0.967567590554,0.882663387402,1.0334239892
2020-07-30,1233,152052,,,,,,,411524,263070,611099,6450364,4311061,9343262,37779151,27625276,50251823,0.96674644447,0.88238371599,1.03136027269
2020-07-31,1260,153312,,,,,,,408163,259498,608585,6414914,4261139,9326769,38187314,27884774,50860408,0.965983953321,0.882031913723,1.0305256006
2020-08-01,1133,154445,,,,,,,404698,255843,604978,6377135,4210156,9305718,38592012,28140617,51465386,0.965269366296,0.88171359923,1.02995162746
2020-08-02,414,154859,,,,,,,401138,251779,602231,6337144,4158017,9280835,38993150,28392396,52067617,0.964593596149,0.881422323211,1.02940041882
2020-08-03,540,155399,,,,,,,397489,248115,599485,6295058,4105106,9252431,39390639,28640511,52667102,0.963949103914,0.881148366557,1.02884190792
2020-08-04,1399,156798,,,,,,,393762,244564,595399,6250987,4051712,9219986,39784401,28885075,53262501,0.963329744077,0.880919750929,1.02803235516
2020-08-05,,,1015,740,1367,157813,157538,158165,389963,241071,590888,6205046,3997972,9182998,40174364,29126146,53853389,,,
2020-08-06,,,1019,739,1384,158832,158278,159549,386102,237596,586446,6157347,3944128,9143064,40560466,29363742,54439835,,,
2020-08-07,,,1023,737,1399,159856,159015,160947,382186,234137,581302,6108003,3890394,9099017,40942652,29597879,55021137,,,
2020-08-08,,,1026,734,1412,160882,159749,162359,378224,230675,576887,6057129,3836777,9051936,41320876,29828554,55598024,,,
2020-08-09,,,1028,731,1423,161910,160481,163781,374222,226997,572621,6004839,3782702,9001446,41695098,30055551,56170645,,,
2020-08-10,,,1030,727,1435,162940,161208,165216,370189,223490,567687,5951248,3728416,8947610,42065287,30279041,56738332,,,
2020-08-11,,,1031,723,1446,163971,161932,166661,366132,219906,562731,5896471,3674079,8890866,42431419,30498947,57301063,,,
2020-08-12,,,1031,718,1454,165002,162650,168115,362056,216489,557401,5840623,3620053,8831270,42793475,30715436,57858464,,,
2020-08-13,,,1030,714,1464,166032,163365,169578,357967,212972,551720,5783817,3566307,8768738,43151442,30928408,58410184,,,
2020-08-14,,,1029,709,1471,167061,164075,171048,353871,209459,545947,5726164,3512696,8703659,43505313,31137867,58956131,,,
2020-08-15,,,1027,704,1477,168089,164780,172523,349772,206294,540830,5667773,3459492,8635971,43855085,31344161,59496961,,,
2020-08-16,,,1025,698,1479,169114,165478,174002,345674,203016,535491,5608749,3406664,8566532,44200759,31547177,60032452,,,
2020-08-17,,,1022,691,1481,170136,166170,175482,341581,199779,529646,5549193,3354664,8493977,44542340,31746956,60562098,,,
2020-08-18,,,1019,685,1482,171155,166855,176964,337497,196441,523840,5489200,3302992,8418369,44879837,31943397,61085938,,,
2020-08-19,,,1015,678,1484,172170,167534,178446,333423,193175,518082,5428862,3251603,8341066,45213260,32136572,61604020,,,
2020-08-20,,,1011,670,1483,173181,168205,179929,329363,190033,512670,5368262,3200568,8262853,45542623,32326605,62116690,,,
2020-08-21,,,1006,663,1483,174187,168868,181411,325320,187049,506954,5307479,3150021,8183352,45867943,32513654,62623644,,,
2020-08-22,,,1001,655,1484,175188,169524,182894,321294,184081,502457,5246587,3099964,8104492,46189237,32697735,63126101,,,
2020-08-23,,,995,648,1482,176183,170172,184375,317288,181017,497507,5185650,3050308,8025098,46506525,32878752,63623608,,,
2020-08-24,,,989,641,1479,177172,170813,185853,313616,178278,492408,5125044,3001591,7944878,46820141,33057030,64116016,,,
2020-08-25,,,983,633,1475,178156,171447,187327,309959,175414,487267,5064814,2953517,7864458,47130100,33232444,64603283,,,
2020-08-26,,,976,624,1470,179132,172072,188796,306335,172571,482468,5005017,2906186,7784196,47436435,33405015,65085751,,,
2020-08-27,,,969,616,1464,180101,172688,190259,302759,169915,477342,4945720,2859615,7704137,47739194,33574930,65563093,,,
2020-08-28,,,962,607,1459,181064,173296,191716,299262,167346,472489,4887015,2813993,7624912,48038456,33742276,66035582,,,
2020-08-29,,,955,599,1451,182018,173896,193166,295875,164907,467940,4829019,2769445,7546919,48334331,33907183,66503522,,,
2020-08-30,,,947,591,1444,182965,174488,194608,292575,162441,463725,4771822,2725591,7469829,48626906,34069624,66967247,,,
2020-08-31,,,939,582,1438,183904,175072,196044,289343,159934,459012,4715490,2682508,7393362,48916249,34229558,67426259,,,
2020-09-01,,,931,574,1430,184835,175646,197473,286178,157623,454740,4660087,2640349,7318465,49202427,34387181,67880999,,,
2020-09-02,,,922,566,1421,185757,176213,198892,283082,155256,450533,4605672,2599166,7245178,49485509,34542437,68331532,,,
2020-09-03,,,913,558,1411,186670,176772,200301,280066,153002,446490,4552314,2558994,7173603,49765575,34695439,68778022,,,
2020-09-04,,,905,550,1400,187575,177322,201699,277129,150952,442969,4500080,2519919,7103906,50042704,34846391,69220991,,,
2020-09-05,,,896,542,1389,188471,177865,203086,274267,148899,439158,4449027,2481773,7036100,50316971,34995290,69660149,,,
2020-09-06,,,887,534,1379,189357,178400,204463,271476,146990,436201,4399210,2444684,6969826,50588447,35142280,70096350,,,
2020-09-07,,,877,526,1369,190235,178927,205829,268756,145086,432429,4350678,2408754,6904732,50857203,35287366,70528779,,,
2020-09-08,,,868,518,1359,191103,179446,207186,266108,143085,429233,4303170,2373565,6841545,51123311,35430451,70958012,,,
2020-09-09,,,859,510,1348,191961,179956,208532,263534,141073,425478,4256745,2339226,6779738,51386845,35571524,71383490,,,
2020-09-10,,,849,502,1334,192811,180459,209864,261032,139248,422184,4211442,2305904,6719428,51647877,35710772,71805674,,,
2020-09-11,,,840,494,1321,193651,180954,211183,258602,137400,419360,4167285,2273390,6661424,51906479,35848172,72225034,,,
2020-09-12,,,831,486,1308,194481,181441,212488,256243,135660,416933,4124266,2241707,6605845,52162722,35983832,72641967,,,
2020-09-13,,,821,479,1295,195302,181921,213781,253954,133850,414502,4082344,2210650,6552392,52416676,36117682,73056469,,,
2020-09-14,,,812,471,1283,196114,182393,215062,251736,132088,411972,4041506,2180299,6500649,52668412,36249770,73468441,,,
2020-09-15,,,802,464,1270,196916,182858,216330,249590,130351,409231,4001753,2150717,6450890,52918002,36380121,73877672,,,
2020-09-16,,,793,457,1257,197709,183315,217585,247513,128480,407092,3963088,2121571,6403266,53165515,36508601,74284764,,,
2020-09-17,,,784,449,1245,198493,183766,218827,245507,126549,405360,3925514,2092865,6358126,53411022,36635150,74690124,,,
2020-09-18,,,775,442,1232,199268,184209,220057,243571,124913,403766,3889019,2064782,6315443,53654593,36760063,75093890,,,
2020-09-19,,,766,435,1219,200033,184645,221274,241706,123318,402466,3853596,2037155,6274982,53896299,36883381,75496356,,,
2020-09-20,,,757,429,1208,200790,185075,222480,239910,121832,401249,3819239,2010096,6237111,54136209,37005213,75897605,,,
2020-09-21,,,748,423,1197,201538,185498,223675,238184,120228,399813,3785947,1983342,6200754,54374393,37125441,76297418,,,
2020-09-22,,,739,416,1184,202277,185915,224857,236529,118832,398911,3753720,1957093,6167267,54610922,37244273,76696329,,,
2020-09-23,,,731,409,1174,203008,186325,226028,234943,117328,397905,3722555,1931339,6135968,54845865,37361601,77094234,,,
2020-09-24,,,722,403,1161,203730,186729,227186,233428,115805,396774,3692449,1906072,6107285,55079293,37477406,77491008,,,
2020-09-25,,,714,397,1149,204444,187127,228333,231983,114366,396385,3663400,1881186,6081491,55311276,37591772,77887393,,,
2020-09-26,,,706,391,1138,205151,187520,229469,230608,112893,395746,3635406,1856675,6057872,55541884,37704665,78283139,,,
2020-09-27,,,698,386,1128,205849,187906,230595,229304,111430,395717,3608467,1832440,6036644,55771188,37816095,78678856,,,
2020-09-28,,,691,380,1118,206540,188287,231710,228070,110040,396116,3582584,1808626,6018242,55999258,37926135,79074972,,,
2020-09-29,,,683,374,1108,207223,188662,232815,226905,108583,396662,3557752,1785121,6002923,56226163,38034718,79471634,,,
2020-09-30,,,676,369,1097,207899,189032,233910,225808,107230,397418,3533971,1762002,5991114,56451971,38141948,79869052,,,
2020-10-01,,,669,364,1087,208568,189397,234994,224779,105873,398932,3511236,1739395,5982950,56676750,38247821,80267984,,,
2020-10-02,,,662,359,1079,209229,189757,236070,223815,104487,399426,3489544,1717331,5977011,56900565,38352308,80667410,,,
2020-10-03,,,655,354,1069,209884,190111,237137,222916,103292,400775,3468889,1695710,5974010,57123481,38455600,81068185,,,
2020-10-04,,,648,349,1060,210532,190462,238195,222081,102062,402082,3449265,1674454,5973617,57345562,38557662,81470267,,,
2020-10-05,,,642,345,1051,211174,190807,239243,221309,100982,403716,3430664,1653605,5976085,57566871,38658644,81873983,,,
2020-10-06,,,636,340,1043,211810,191148,240283,220599,99965,405166,3413079,1633344,5981441,57787470,38758609,82279149,,,
2020-10-07,,,629,335,1036,212439,191485,241316,219949,99041,406663,3396499,1613555,5989202,58007419,38857650,82685812,,,
2020-10-08,,,623,331,1028,213063,191817,242340,219356,97963,408155,3380912,1594192,5999466,58226775,38955613,83093967,,,
2020-10-09,,,618,326,1020,213680,192145,243357,218821,97087,410165,3366306,1575476,6012879,58445596,39052700,83504132,,,
2020-10-10,,,612,323,1014,214293,192469,244367,218343,96044,412612,3352666,1557152,6029120,58663939,39148744,83916744,,,
2020-10-11,,,607,318,1008,214899,192788,245372,217919,94907,415512,3339977,1539158,6048899,58881858,39243651,84332256,,,
2020-10-12,,,601,314,1001,215501,193104,246369,217547,93794,418233,3328220,1521514,6071423,59099405,39337445,84750489,,,
2020-10-13,,,596,310,996,216097,193415,247362,217227,92789,420367,3317377,1504255,6095674,59316632,39430234,85170856,,,
2020-10-14,,,591,306,992,216689,193722,248351,216957,91687,423057,3307429,1487356,6122069,59533589,39521921,85593913,,,
2020-10-15,,,587,301,985,217275,194025,249332,216735,90671,426319,3298356,1470797,6150968,59750324,39612592,86020232,,,
2020-10-16,,,582,297,982,217858,194323,250310,216559,89822,429609,3290136,1454748,6181636,59966883,39702414,86449841,,,
2020-10-17,,,578,293,978,218435,194618,251285,216429,88967,432741,3282750,1439231,6214942,60183312,39791381,86882582,,,
2020-10-18,,,574,290,976,219009,194909,252257,216343,88204,435505,3276176,1424142,6249658,60399655,39879585,87318087,,,
2020-10-19,,,570,286,973,219579,195197,253225,216299,87272,438781,3270394,1409349,6286340,60615954,39966857,87756868,,,
2020-10-20,,,566,283,970,220144,195482,254192,216297,86386,442289,3265381,1394751,6324893,60832251,40053243,88199157,,,
2020-10-21,,,562,279,967,220706,195763,255155,216334,85588,446145,3261116,1380371,6365855,61048585,40138831,88645302,,,
2020-10-22,,,558,276,965,221265,196040,256116,216409,84815,449576,3257576,1366143,6408752,61264994,40223646,89094878,,,
2020-10-23,,,555,272,964,221820,196314,257076,216521,83999,452863,3254740,1352177,6453449,61481515,40307645,89547741,,,
2020-10-24,,,552,269,963,222372,196585,258034,216669,83160,456007,3252587,1338251,6499290,61698184,40390805,90003748,,,
2020-10-25,,,549,266,963,222921,196852,258992,216850,82339,459253,3251094,1324548,6545929,61915034,40473144,90463001,,,
2020-10-26,,,546,262,964,223467,197116,259952,217062,81524,462526,3250237,1311163,6592940,62132096,40554668,90925527,,,
2020-10-27,,,543,259,965,224010,197377,260912,217305,80802,465971,3249995,1298167,6640667,62349401,40635470,91391498,,,
2020-10-28,,,541,256,967,224550,197635,261874,217577,79998,469171,3250345,1285373,6689456,62566978,40715468,91860669,,,
2020-10-29,,,538,253,970,225089,197890,262839,217877,79207,473072,3251265,1272889,6739461,62784855,40794675,92333741,,,
2020-10-30,,,536,249,971,225625,198141,263805,218203,78436,475882,3252733,1260653,6789008,63003058,40873111,92809623,,,
2020-10-31,,,534,246,974,226159,198389,264773,218554,77828,479562,3254728,1248658,6838946,63221612,40950939,93289185,,,
2020-11-01,,,532,244,977,226691,198635,265745,218927,77279,482456,3257226,1236967,6888644,63440539,41028218,93771641,,,
