date,actual_deaths,total_deaths,predicted_deaths_mean,predicted_deaths_lower,predicted_deaths_upper,predicted_total_deaths_mean,predicted_total_deaths_lower,predicted_total_deaths_upper,predicted_new_infected_mean,predicted_new_infected_lower,predicted_new_infected_upper,predicted_current_infected_mean,predicted_current_infected_lower,predicted_current_infected_upper,predicted_total_infected_mean,predicted_total_infected_lower,predicted_total_infected_upper,r_values_mean,r_values_lower,r_values_upper
2020-02-05,0,0,,,,,,,120,62,170,120,62,170,120,62,170,2.28371305204,2.1,2.4
2020-02-06,0,0,,,,,,,120,62,170,239,124,339,240,124,340,2.28370599611,2.09999736957,2.39999985042
2020-02-07,0,0,,,,,,,120,62,170,359,186,509,360,186,510,2.28370362124,2.09999643404,2.39999976966
2020-02-08,0,0,,,,,,,120,62,170,479,248,678,480,248,680,2.28370043722,2.09999516571,2.39999964498
2020-02-09,0,0,,,,,,,282,161,391,761,424,1056,762,409,1071,2.28369616443,2.09999344614,2.39999945616
2020-02-10,0,0,,,,,,,282,161,391,1043,591,1442,1044,570,1462,2.28369042503,2.09999112101,2.39999917416
2020-02-11,0,0,,,,,,,282,161,391,1325,756,1830,1326,731,1853,2.28368270778,2.09998797955,2.39999874385
2020-02-12,0,0,,,,,,,282,161,391,1607,919,2218,1608,892,2244,2.28367232007,2.09998365727,2.39999808736
2020-02-13,0,0,,,,,,,465,279,636,2072,1219,2835,2073,1171,2880,2.28365832222,2.09997723056,2.39999713031
2020-02-14,0,0,,,,,,,662,407,899,2734,1632,3729,2735,1578,3779,2.2836161209,2.09994470599,2.39997802585
2020-02-15,0,0,,,,,,,1070,670,1408,3804,2346,5111,3805,2248,5187,2.28358769805,2.09992967934,2.39997411818
2020-02-16,0,0,,,,,,,1910,1192,2441,5714,3633,7503,5715,3440,7628,2.28354363361,2.09990294132,2.39996355862
2020-02-17,0,0,,,,,,,3167,2075,4001,8881,5827,11424,8882,5515,11629,2.28348737939,2.09987055241,2.39995127757
2020-02-18,0,0,,,,,,,3577,2386,4527,12458,8251,15926,12459,7901,16156,2.28341375788,2.09983051247,2.39993620721
2020-02-19,0,0,,,,,,,4181,2835,5269,16639,11141,21165,16640,10736,21425,2.28331596351,2.09977834436,2.39991624321
2020-02-20,0,0,,,,,,,4315,2935,5449,20834,14024,26439,20955,13671,26874,2.28318409884,2.09970901159,2.39988866666
2020-02-21,0,0,,,,,,,4831,3341,6090,25545,17327,32343,25786,17012,32964,2.2830049973,2.09961601918,2.39985045303
2020-02-22,0,0,,,,,,,5885,4132,7430,31311,21442,39567,31671,21144,40394,2.28276380655,2.09949302012,2.39979787141
2020-02-23,0,0,,,,,,,7101,5067,8941,38292,26534,48281,38772,26211,49335,2.28243899534,2.09930486007,2.39972308907
2020-02-24,0,0,,,,,,,8938,6367,11305,46948,32810,59147,47710,32578,60640,2.28199956196,2.09906879264,2.39961536869
2020-02-25,0,0,,,,,,,13291,9156,16789,59957,41944,75453,61001,41734,77429,2.28140276479,2.09874950088,2.39946022625
2020-02-26,0,0,,,,,,,16199,11298,20438,75874,53119,95474,77200,53032,97867,2.28058954073,2.09831614585,2.39923445425
2020-02-27,0,0,,,,,,,17641,12253,22383,93233,65221,117460,94841,65285,120250,2.27947967948,2.09772649042,2.39887102123
2020-02-28,0,0,,,,,,,21209,14576,27052,113978,79514,143871,116050,79861,147302,2.27796230014,2.0969608191,2.39841093136
2020-02-29,1,1,,,,,,,25588,17177,32992,138903,96285,175932,141638,97038,180294,2.27588349802,2.09578756853,2.397742082
2020-03-01,0,1,,,,,,,32905,21704,42772,170739,117371,217212,174543,118742,223066,2.27303038941,2.0942382387,2.39671536592
2020-03-02,5,6,,,,,,,40750,26576,53399,209579,142841,268065,215293,145318,276465,2.26910959692,2.09233050451,2.39526847425
2020-03-03,1,7,,,,,,,50397,32667,66706,256809,173514,330664,265690,177985,343171,2.26371897322,2.08956592596,2.39327241955
2020-03-04,4,11,,,,,,,61480,39253,82269,314712,210473,408267,327170,217238,425440,2.25631045213,2.08558516433,2.39011361754
2020-03-05,1,12,,,,,,,76412,48225,102766,386944,255961,505615,403582,265463,528206,2.24614436761,2.08108821131,2.38533580732
2020-03-06,2,14,,,,,,,93228,57988,127055,475856,311111,627007,496810,323451,655261,2.23223840195,2.07217251328,2.37803627971
2020-03-07,3,17,,,,,,,112566,69678,154199,583591,377528,774931,609376,393129,809460,2.21331939817,2.06186606759,2.36696318544
2020-03-08,4,21,,,,,,,134310,83534,185519,712016,456937,952855,743686,476663,994979,2.1877968933,2.04637889707,2.35061175356
2020-03-09,1,22,,,,,,,158225,99805,219381,863139,551589,1163171,901911,576468,1214360,2.15379283253,2.02009388262,2.32618590173
2020-03-10,6,28,,,,,,,184015,119324,254113,1038217,664372,1405968,1085926,695792,1468473,2.10927980096,1.96682531971,2.29282570529
2020-03-11,5,33,,,,,,,208899,138985,284931,1233824,794183,1674080,1294825,834777,1753404,2.05238433477,1.89337932413,2.25739010343
2020-03-12,10,43,,,,,,,231675,154161,310203,1449300,936952,1963942,1526500,988938,2063607,1.9818726806,1.80243910944,2.22816235401
2020-03-13,9,52,,,,,,,251771,167654,331545,1683429,1092271,2273216,1778271,1156592,2395152,1.89772903978,1.70052692014,2.18851112898
2020-03-14,6,58,,,,,,,268283,177981,351841,1930503,1255605,2598084,2046554,1334573,2746993,1.80159636589,1.59527911581,2.12301374575
2020-03-15,12,70,,,,,,,281675,187459,367457,2186590,1425883,2932499,2328229,1522032,3114450,1.69680983983,1.45549217371,2.04979934089
2020-03-16,27,97,,,,,,,291761,196019,381367,2445445,1600254,3270966,2619990,1718051,3495817,1.58792565278,1.3368679744,1.97372375517
2020-03-17,35,132,,,,,,,299014,203602,393106,2703708,1777382,3610527,2919004,1921653,3888923,1.47992625237,1.2279941834,1.89050241176
2020-03-18,58,190,,,,,,,304033,210190,402255,2957345,1955102,3945926,3223037,2131843,4291178,1.3774179289,1.13387501868,1.78756836104
2020-03-19,78,268,,,,,,,307243,216020,405737,3203108,2132183,4269212,3530280,2347863,4696915,1.28404956512,1.06142443074,1.67137553959
2020-03-20,98,366,,,,,,,309102,221541,407617,3435798,2305980,4573806,3839382,2569404,5104532,1.20221635976,1.0084860123,1.54521628651
2020-03-21,95,461,,,,,,,309771,225500,406555,3652341,2474088,4853000,4149153,2794904,5511087,1.13301058694,0.971673702054,1.43613047463
2020-03-22,148,609,,,,,,,309432,228898,403912,3849206,2634017,5102416,4458585,3023802,5914999,1.07635989514,0.944954807349,1.33178096411
2020-03-23,187,796,,,,,,,308305,231645,400700,4023202,2782892,5317325,4766890,3255447,6315699,1.03129830807,0.924824553521,1.24051046516
2020-03-24,240,1036,,,,,,,306517,233749,394872,4171494,2917666,5492591,5073407,3489196,6710571,0.996306769979,0.913085687791,1.16609606688
2020-03-25,315,1351,,,,,,,304179,234894,390682,4291658,3034126,5629038,5377586,3724090,7101253,0.969645982617,0.898053810259,1.10278285262
2020-03-26,422,1773,,,,,,,301352,235415,386232,4384111,3131465,5730222,5678938,3959505,7487485,0.949614680623,0.881474274782,1.05475708241
2020-03-27,557,2330,,,,,,,298079,235698,380183,4450516,3213877,5800012,5977017,4195203,7867668,0.934705204204,0.869606159714,1.01443828475
2020-03-28,653,2983,,,,,,,294411,235415,373124,4493156,3282401,5841244,6271428,4430618,8240792,0.923667535523,0.859948050245,0.984573407541
2020-03-29,633,3616,,,,,,,290420,234250,365145,4515293,3339254,5854136,6561848,4664868,8605937,0.915511733293,0.853872556909,0.967225264495
2020-03-30,832,4448,,,,,,,286074,232557,357460,4519692,3384648,5843621,6847922,4897425,8963397,0.909478260538,0.849216753243,0.959225044067
2020-03-31,1253,5701,,,,,,,281444,229428,349603,4509375,3417967,5811407,7129366,5126853,9313000,0.904996903128,0.846099216401,0.953026829015
2020-04-01,1263,6964,,,,,,,276562,225358,341943,4486924,3439235,5759986,7405928,5352211,9654943,0.901645871117,0.843710028901,0.949296589075
2020-04-02,1609,8573,,,,,,,271471,221122,333774,4454361,3449394,5691540,7677399,5573333,9988717,0.8991162421,0.842142678737,0.946616602997
2020-04-03,1342,9915,,,,,,,266208,216503,326460,4413326,3448894,5612506,7943607,5789836,10315177,0.89718321382,0.840857204517,0.944609230656
2020-04-04,1326,11241,,,,,,,260806,211694,319405,4365030,3437877,5524658,8204413,6001530,10634582,0.89568384966,0.839852409852,0.943046051691
2020-04-05,1494,12735,,,,,,,255305,206899,312089,4310564,3418126,5430619,8459718,6208429,10946671,0.894500316592,0.839065530698,0.941869468911
2020-04-06,1734,14469,,,,,,,249742,202038,305789,4250874,3390189,5333045,8709460,6410467,11252460,0.89354748247,0.838462638287,0.940906042958
2020-04-07,2376,16845,,,,,,,244153,197238,299084,4186722,3354845,5232043,8953613,6607705,11551544,0.892763844412,0.837948620154,0.940145265118
2020-04-08,2185,19030,,,,,,,238574,192528,292296,4118780,3312914,5130018,9192187,6800233,11843840,0.892104942661,0.837507524892,0.939673182606
2020-04-09,2146,21176,,,,,,,233037,187782,286007,4047637,3265292,5025930,9425224,6988015,12129847,0.891538600935,0.836997257953,0.939187672303
2020-04-10,2149,23325,,,,,,,227566,182949,279834,3973851,3212480,4920069,9652790,7170964,12409681,0.891041496161,0.836448252149,0.938756902436
2020-04-11,2120,25445,,,,,,,222183,178374,273669,3897955,3154981,4814015,9874973,7349338,12683350,0.890596689849,0.836021590805,0.93832223324
2020-04-12,1849,27294,,,,,,,216904,173784,267732,3820448,3093266,4708941,10091877,7523122,12951082,0.890187905385,0.835644404434,0.937970128927
2020-04-13,1902,29196,,,,,,,211739,169233,261984,3741767,3028206,4605946,10303616,7692355,13213066,0.889809546376,0.835340364881,0.937614378221
2020-04-14,2457,31653,,,,,,,206694,164819,256345,3662387,2960395,4504894,10510310,7857174,13469411,0.889458432082,0.834961546294,0.937309082174
2020-04-15,2608,34261,,,,,,,201773,160500,250974,3582717,2891375,4406254,10712083,8017674,13720385,0.889130950624,0.834683328659,0.936992007057
2020-04-16,2173,36434,,,,,,,196976,156261,245679,3503131,2822199,4309934,10909059,8173935,13966064,0.888825949819,0.834443578605,0.936675962488
2020-04-17,2663,39097,,,,,,,192303,152014,240533,3423963,2753024,4216620,11101362,8325949,14206597,0.888533700332,0.83409343121,0.936385815949
2020-04-18,2444,41541,,,,,,,187750,147944,235562,3345505,2684415,4125658,11289112,8473893,14442159,0.88825537594,0.833850483711,0.936109812527
2020-04-19,1273,42814,,,,,,,183315,143983,230772,3268014,2616688,4037010,11472427,8617876,14672931,0.887989897892,0.83368684091,0.935832218297
2020-04-20,1834,44648,,,,,,,178996,140044,226198,3191705,2549840,3951166,11651423,8757920,14899129,0.887739093757,0.833482804343,0.935559312879
2020-04-21,2496,47144,,,,,,,174788,136156,221791,3116752,2483977,3867230,11826211,8894076,15120920,0.887503415171,0.833295641573,0.935305415448
2020-04-22,2425,49569,,,,,,,170689,132428,217590,3043288,2419184,3785819,11996900,9026504,15338510,0.887282492926,0.833149755115,0.935007662926
2020-04-23,2464,52033,,,,,,,166697,128797,213344,2971410,2355475,3706969,12163597,9155301,15551854,0.887079720173,0.832983039015,0.934745440971
2020-04-24,2151,54184,,,,,,,162808,125229,209181,2901181,2292939,3630246,12326405,9280530,15761035,0.886898405153,0.832852284731,0.934493960496
2020-04-25,1690,55874,,,,,,,159024,121792,205122,2832639,2231790,3555642,12485429,9402322,15966157,0.886744362561,0.83289085507,0.934269403862
2020-04-26,1325,57199,,,,,,,155343,118430,201278,2765798,2171845,3483356,12640772,9520752,16167435,0.886625003944,0.832899585603,0.934053324751
2020-04-27,1462,58661,,,,,,,151763,115106,197420,2700657,2113160,3413144,12792535,9635858,16364855,0.886550387076,0.832851846047,0.933858932689
2020-04-28,2252,60913,,,,,,,148284,111866,193889,2637202,2055783,3345136,12940819,9747724,16558744,0.886534672466,0.832742283542,0.933665889508
2020-04-29,2527,63440,,,,,,,144905,108825,190445,2575412,1999776,3279316,13085724,9856549,16749189,0.88659681488,0.832682201772,0.933473272723
2020-04-30,2322,65762,,,,,,,141627,105810,187079,2515266,1945075,3215480,13227351,9962359,16936268,0.886762442336,0.832708346681,0.933308556336
2020-05-01,1894,67656,,,,,,,138449,102788,183729,2456739,1891594,3153574,13365800,10065147,17119997,0.887065777042,0.832774553108,0.933402432288
2020-05-02,1582,69238,,,,,,,135375,99902,180499,2399812,1839472,3093570,13501175,10165049,17300496,0.887551759437,0.832809881564,0.933466422032
2020-05-03,1121,70359,,,,,,,132405,97195,177392,2344467,1788712,3035422,13633580,10262244,17477888,0.888278455409,0.832922796379,0.933563673157
2020-05-04,1333,71692,,,,,,,129543,94546,174436,2290695,1739266,2979100,13763123,10356790,17652324,0.889318911352,0.833074102399,0.934056116066
2020-05-05,2317,74009,,,,,,,126793,92022,171509,2238492,1691235,2924422,13889916,10448812,17823833,0.890761651419,0.833283395469,0.935321625028
2020-05-06,2477,76486,,,,,,,124159,89517,168790,2187863,1644592,2871423,14014075,10538329,17992623,0.89270837521,0.833934522821,0.938703873646
2020-05-07,1934,78420,,,,,,,121650,87141,166063,2138824,1599302,2819899,14135725,10625470,18158686,0.895267237262,0.8343757665,0.943809109405
2020-05-08,1749,80169,,,,,,,119272,84971,163479,2091400,1555476,2770033,14254997,10710441,18322165,0.898540855709,0.835226437785,0.955881661588
2020-05-09,1493,81662,,,,,,,117035,82910,161042,2045627,1513156,2721891,14372032,10793351,18483207,0.902610716043,0.836261945596,0.980311009454
2020-05-10,896,82558,,,,,,,114950,80967,158683,2001554,1472331,2675449,14486982,10874318,18641890,0.907523656247,0.837880124738,1.00503802924
2020-05-11,1020,83578,,,,,,,113029,79229,156531,1959241,1433129,2630698,14600011,10953547,18798421,0.913288751865,0.840748114301,1.02919331972
2020-05-12,1627,85205,,,,,,,111287,77596,154607,1918765,1395617,2587881,14711298,11031143,18953028,0.919889436839,0.844976966037,1.06057110726
2020-05-13,1760,86965,,,,,,,109737,76151,152838,1880218,1359896,2546826,14821035,11107294,19105866,0.927305427206,0.850949297964,1.09039743043
2020-05-14,1783,88748,,,,,,,108395,74817,151568,1843708,1325883,2507938,14929430,11182111,19257434,0.935530408804,0.85952693799,1.11732598948
2020-05-15,1665,90413,,,,,,,107276,73717,150484,1809357,1293790,2471328,15036706,11255828,19407918,0.944574623253,0.871024213593,1.14056512915
2020-05-16,1228,91641,,,,,,,106393,72826,149582,1777301,1263833,2437164,15143099,11328654,19557500,0.954453751786,0.87695526883,1.15984636301
2020-05-17,755,92396,,,,,,,105761,72107,149039,1747687,1236049,2405682,15248860,11400761,19706539,0.965172631052,0.877195033202,1.17532179425
2020-05-18,776,93172,,,,,,,105393,71737,148812,1720675,1210605,2377077,15354253,11472498,19855351,0.976707493723,0.877513652267,1.18740788528
2020-05-19,1552,94724,,,,,,,105300,71448,148718,1696432,1187527,2351333,15459553,11543946,20004069,0.988984032981,0.878430124334,1.19764962061
2020-05-20,1577,96301,,,,,,,105495,71395,149087,1675133,1166926,2328880,15565048,11615341,20153156,1.00185483329,0.879044407878,1.20684423994
2020-05-21,1229,97530,,,,,,,105986,71536,149702,1656960,1148982,2309755,15671034,11686877,20302858,1.0150937739,0.879627356866,1.21473577418
2020-05-22,1276,98806,,,,,,,106782,72072,150842,1642092,1133961,2294499,15777816,11758949,20453700,1.02842572257,0.880141556519,1.22158481483
2020-05-23,1124,99930,,,,,,,107893,72850,152221,1630713,1121895,2283211,15885709,11831799,20605921,1.04158670766,0.881144467866,1.23367598758
2020-05-24,610,100540,,,,,,,109327,73909,153890,1623005,1112949,2276034,15995036,11905708,20759811,1.05438310446,0.88274841659,1.24364121926
2020-05-25,518,101058,,,,,,,111092,75257,155954,1619146,1107295,2273286,16106128,11980965,20915765,1.06671806726,0.885822909789,1.25083906285
2020-05-26,691,101749,,,,,,,113203,76862,158421,1619320,1104982,2275160,16219331,12057827,21074186,1.07857965769,0.889745313428,1.26017376932
2020-05-27,1513,103262,,,,,,,115668,78786,161399,1623701,1106217,2281932,16334999,12136613,21235585,1.09000836472,0.894321615284,1.27015413803
2020-05-28,1187,104449,,,,,,,118496,81138,164701,1632459,1111238,2293779,16453495,12217751,21400286,1.1010581885,0.900526615688,1.28129867131
2020-05-29,1171,105620,,,,,,,121697,83757,168554,1645761,1120205,2310743,16575192,12301508,21568840,1.11175966033,0.909156862797,1.29136405203
2020-05-30,971,106591,,,,,,,125285,86750,173114,1663771,1133262,2333344,16700477,12388258,21741954,1.12212345133,0.920887548918,1.29864582449
2020-05-31,590,107181,,,,,,,129278,90141,177857,1686656,1150593,2361588,16829755,12478399,21919811,1.13207554653,0.931766211541,1.30403880922
2020-06-01,776,107957,,,,,,,133694,93884,183015,1714588,1172377,2395531,16963449,12572283,22102826,1.14152713716,0.938709567209,1.30791309888
2020-06-02,1037,108994,,,,,,,138546,97850,188610,1747741,1198490,2435296,17101995,12670133,22291436,1.15035413224,0.945573729526,1.31002603625
2020-06-03,992,109986,,,,,,,143855,102195,194806,1786296,1229222,2481342,17245850,12772328,22486242,1.15844766222,0.953682937867,1.31231378153
2020-06-04,1014,111000,,,,,,,149639,106984,201607,1830441,1264795,2533817,17395489,12879312,22687849,1.16573696382,0.962467992192,1.31357328037
2020-06-05,973,111973,,,,,,,155918,112287,209173,1880374,1305535,2593237,17551407,12991599,22897022,1.17219129149,0.976796297272,1.31391178872
2020-06-06,681,112654,,,,,,,162713,117889,217560,1936305,1351343,2659896,17714120,13109488,23114582,1.17781027479,0.995459693605,1.31400885997
2020-06-07,452,113106,,,,,,,170043,123648,226642,1998454,1402125,2734240,17884163,13233136,23341224,1.18256806868,1.01244558357,1.31386243989
2020-06-08,506,113612,,,,,,,177926,130299,236140,2067053,1458501,2816423,18062089,13363435,23577364,1.18646169148,1.03009590758,1.3130901195
2020-06-09,944,114556,,,,,,,186375,137166,246447,2142337,1520399,2906863,18248464,13500601,23823811,1.18947689191,1.05398033155,1.31338308407
2020-06-10,919,115475,,,,,,,195402,144532,257547,2224536,1588058,3005937,18443866,13645133,24081358,1.19162514956,1.06130397559,1.31199341202
2020-06-11,882,116357,,,,,,,205006,152348,268982,2313874,1661606,3113476,18648872,13797481,24350340,1.19293854658,1.05982153492,1.31215196409
2020-06-12,826,117183,,,,,,,215183,160671,282025,2410561,1741124,3230765,18864055,13958152,24632365,1.19341989976,1.05392812362,1.31141715045
2020-06-13,753,117936,,,,,,,225916,169603,295003,2514781,1826951,3357202,19089971,14127755,24927368,1.19308567319,1.04907294771,1.31177234416
2020-06-14,299,118235,,,,,,,237174,178874,309217,2626669,1919062,3493297,19327145,14306629,25236585,1.19194583754,1.03676279573,1.31132240126
2020-06-15,392,118627,,,,,,,248910,188201,323632,2746301,2017115,3639075,19576055,14494830,25560217,1.19005808072,1.02890750504,1.31139783066
2020-06-16,841,119468,,,,,,,261064,197979,338586,2873672,2121213,3794674,19837119,14692809,25898803,1.18746468649,1.02085504466,1.31182294196
2020-06-17,751,120219,,,,,,,273558,207949,353362,3008684,2231303,3959462,20110677,14900758,26252165,1.18417580325,1.00803234695,1.3117384776
2020-06-18,705,120924,,,,,,,286300,218708,368540,3151129,2347792,4133238,20396977,15119466,26620705,1.18019784676,1.00040159379,1.3118123742
2020-06-19,672,121596,,,,,,,299185,229539,383623,3300674,2470322,4315302,20696162,15349005,27004328,1.17553052228,0.994944997816,1.31105203211
2020-06-20,611,122207,,,,,,,312100,239797,398102,3456856,2597804,4504280,21008262,15588802,27402430,1.17020614819,0.984590273815,1.31076927317
2020-06-21,257,122464,,,,,,,324921,250000,412633,3619064,2729887,4699389,21333183,15838802,27815063,1.16428572477,0.979325075752,1.3099836181
2020-06-22,409,122873,,,,,,,337528,260490,426313,3786548,2866694,4899052,21670711,16099292,28241376,1.1578359577,0.975885936394,1.30949430377
2020-06-23,839,123712,,,,,,,349800,270953,439861,3958422,3007323,5102738,22020511,16370245,28681237,1.15095785378,0.970497171445,1.3084358876
2020-06-24,757,124469,,,,,,,361631,280800,453642,4133678,3150941,5309885,22382142,16651045,29134879,1.14374397202,0.967622828637,1.30764110887
2020-06-25,554,125023,,,,,,,372930,290714,467644,4311207,3297124,5519919,22755072,16941759,29602523,1.13630899893,0.958230356191,1.30615677558
2020-06-26,605,125628,,,,,,,383621,299502,481083,4489822,3444284,5731966,23138693,17241261,30083606,1.12872835691,0.949333016645,1.30551187907
2020-06-27,489,126117,,,,,,,393646,306973,493350,4668285,3590597,5943213,23532339,17548234,30576956,1.12104296867,0.942284241974,1.30501985529
2020-06-28,241,126358,,,,,,,402963,313367,506584,4845331,3734361,6154743,23935302,17861601,31083540,1.11328266712,0.936362599842,1.30390670719
2020-06-29,350,126708,,,,,,,411541,317729,518905,5019699,3873206,6364426,24346843,18179330,31602445,1.10545296779,0.932692077484,1.3021523612
2020-06-30,721,127429,,,,,,,419366,321458,531605,5190155,4006442,6572444,24766209,18500788,32134050,1.09756021067,0.929801836433,1.30052627697
2020-07-01,673,128102,,,,,,,426435,324254,545083,5355526,4132697,6779026,25192644,18825042,32679133,1.08960975678,0.92490314281,1.29835043197
2020-07-02,698,128800,,,,,,,432756,326495,557462,5514724,4251222,6983225,25625400,19151537,33236595,1.08161733619,0.92099259092,1.29587214944
2020-07-03,639,129439,,,,,,,438346,328512,570023,5666770,4361014,7184777,26063746,19480049,33806618,1.07361781077,0.917070716677,1.29203438301
2020-07-04,247,129686,,,,,,,443231,329338,583726,5810816,4460815,7384903,26506977,19809387,34390344,1.06566338027,0.91436338398,1.28735957402
2020-07-05,271,129957,,,,,,,447440,329281,595536,5946156,4550312,7582308,26954417,20138668,34985880,1.0578182716,0.911237632042,1.28113840555
2020-07-06,325,130282,,,,,,,451007,329409,607266,6072242,4629736,7776831,27405424,20468077,35593146,1.05014777328,0.909518352286,1.27337813251
2020-07-07,1195,131477,,,,,,,453966,328818,618332,6188680,4698093,7968658,27859390,20796895,36211478,1.04271678775,0.908774454681,1.26424368627
2020-07-08,820,132297,,,,,,,456354,327521,628119,6295235,4754693,8156684,28315744,21124416,36839597,1.03558405676,0.907467565507,1.2542776583
2020-07-09,990,133287,,,,,,,458208,326407,637924,6391811,4800326,8340685,28773952,21450823,37477521,1.02879487793,0.905858945588,1.24275761104
2020-07-10,811,134098,,,,,,,459564,325068,644789,6478445,4834680,8517594,29233516,21775891,38122310,1.02237745879,0.904524520351,1.23267959277
2020-07-11,676,134774,,,,,,,460462,323161,650124,6555286,4858336,8686468,29693978,22099052,38772434,1.01634625865,0.902879476735,1.22489119399
2020-07-12,428,135202,,,,,,,460937,321319,655287,6622576,4872665,8848360,30154915,22420371,39427721,1.01070941863,0.90164009761,1.20804264472
2020-07-13,361,135563,,,,,,,461024,319235,659307,6680637,4878500,9001120,30615939,22739606,40087028,1.00547423905,0.900754731216,1.1927070324
2020-07-14,900,136463,,,,,,,460756,316629,661727,6729852,4877373,9144022,31076695,23056235,40748755,1.0006476344,0.897942086851,1.17969555834
2020-07-15,949,137412,,,,,,,460161,313868,664412,6770647,4869768,9276914,31536856,23370103,41413167,0.996233317584,0.896628156005,1.16521647597
2020-07-16,943,138355,,,,,,,459265,311305,666917,6803477,4856808,9398812,31996121,23681408,42080084,0.992229009654,0.896235113629,1.14813063106
2020-07-17,908,139263,,,,,,,458089,308504,668532,6828811,4838802,9509944,32454210,23989912,42748616,0.988625155206,0.895878451442,1.12870780181
2020-07-18,853,140116,,,,,,,456653,305223,669390,6847118,4815512,9609345,32910863,24295135,43418006,0.985404791064,0.89489373972,1.10955691127
2020-07-19,415,140531,,,,,,,454973,302125,669414,6858860,4788297,9695069,33365836,24597260,44087420,0.982544069281,0.890987807274,1.0911719756
2020-07-20,491,141022,,,,,,,453064,299198,668807,6864484,4758207,9768361,33818900,24896458,44756227,0.980013462791,0.889815399736,1.07382698816
2020-07-21,1096,142118,,,,,,,450938,295915,668298,6864415,4724703,9829378,34269838,25192373,45424525,0.977779716089,0.888145840842,1.06394177438
2020-07-22,1195,143313,,,,,,,448609,293094,666196,6859057,4688962,9877185,34718447,25485467,46090721,0.975808223257,0.886805112717,1.05704510161
2020-07-23,1114,144427,,,,,,,446087,289999,665007,6848790,4651420,9914043,35164534,25775466,46755728,0.974065274967,0.886194912844,1.04776552607
2020-07-24,1130,145557,,,,,,,443384,286822,663796,6833966,4611807,9939923,35607918,26062288,47419524,0.972519699961,0.885662625138,1.04298195801
2020-07-25,905,146462,,,,,,,440509,283073,661344,6814911,4569784,9956487,36048427,26345361,48080868,0.971143693213,0.884650099939,1.04040572355
2020-07-26,470,146932,,,,,,,437474,279653,659556,6791923,4526258,9965942,36485901,26625014,48740424,0.96991290636,0.884148846932,1.03895198926
2020-07-27,1077,148009,,,,,,,434287,276182,656491,6765273,4481104,9967195,36920188,26901196,49396915,0.968806072457,0.88344679621,1.03629488563
2020-07-28,1362,149371,,,,,,,430957,272839,653435,6735206,4434690,9961381,37351145,27174035,50050350,0.967804488301,0.883050428775,1.03523937908
2020-07-29,1448,150819,,,,,,,427493,269325,650146,6701943,4387369,9949851,37778638,27443360,50700496,0.966891589928,0.882704281789,1.03264617414
2020-07-30,1233,152052,,,,,,,423904,265945,646316,6665686,4339427,9931777,38202542,27709305,51346812,0.9660527068,0.882389667589,1.0313009811
2020-07-31,1259,153311,,,,,,,420199,262344,642271,6626620,4290455,9907143,38622741,27971649,51989083,0.965274958973,0.882075746531,1.03050621445
2020-08-01,1133,154444,,,,,,,416386,258596,636997,6584917,4240537,9875613,39039127,28230245,52626080,0.964547213337,0.881787989518,1.0297103642
2020-08-02,413,154857,,,,,,,412476,255199,632437,6540739,4190509,9838648,39451603,28485444,53258517,0.96386002773,0.881526656641,1.02917873944
2020-08-03,,,1031,752,1403,155888,155609,156260,408476,251770,628792,6494242,4140143,9798001,39860079,28737214,53887309,,,
2020-08-04,,,1039,752,1426,156927,156362,157686,404398,248237,624076,6445576,4089168,9753223,40264477,28985451,54511385,,,
2020-08-05,,,1045,750,1446,157973,157112,159131,400249,244478,618534,6394887,4037717,9703437,40664726,29229929,55129919,,,
2020-08-06,,,1051,748,1466,159024,157861,160597,396039,240837,612431,6342317,3985450,9649660,41060765,29470766,55742350,,,
2020-08-07,,,1056,746,1482,160079,158607,162078,391776,237281,606357,6288007,3932720,9591046,41452541,29708047,56348707,,,
2020-08-08,,,1059,742,1496,161139,159350,163574,387471,233452,600243,6232094,3879341,9527585,41840012,29941499,56948950,,,
2020-08-09,,,1062,739,1511,162201,160090,165084,383130,229794,593658,6174714,3826058,9459994,42223142,30171293,57542608,,,
2020-08-10,,,1064,736,1523,163265,160826,166606,378761,226221,587397,6116001,3772619,9387937,42601903,30397514,58130005,,,
2020-08-11,,,1065,732,1533,164330,161559,168138,374373,222679,581085,6056087,3719113,9312637,42976276,30620193,58711090,,,
2020-08-12,,,1066,727,1542,165396,162287,169679,369971,219072,575405,5995101,3665346,9234731,43346247,30839265,59286495,,,
2020-08-13,,,1065,721,1552,166461,163009,171230,365562,215587,569005,5933169,3611609,9153722,43711809,31054852,59855500,,,
2020-08-14,,,1064,716,1560,167525,163725,172789,361151,212195,563026,5870416,3557857,9070552,44072960,31267047,60418526,,,
2020-08-15,,,1062,709,1564,168588,164435,174352,356743,208956,557113,5806961,3504468,8985500,44429703,31476003,60975639,,,
2020-08-16,,,1060,703,1567,169648,165138,175918,352343,205652,551383,5742918,3451524,8899976,44782046,31681655,61527022,,,
2020-08-17,,,1057,696,1569,170705,165834,177487,347955,202258,544936,5678397,3398584,8812557,45130001,31883913,62071958,,,
2020-08-18,,,1053,689,1570,171759,166524,179055,343581,198954,538220,5613502,3345769,8722059,45473582,32082867,62610178,,,
2020-08-19,,,1049,682,1571,172808,167207,180625,339225,195581,531861,5548329,3293113,8629905,45812807,32278448,63142039,,,
2020-08-20,,,1045,676,1571,173853,167884,182195,334890,192153,525584,5482970,3240787,8537005,46147697,32470601,63667623,,,
2020-08-21,,,1039,669,1569,174892,168554,183763,330577,188814,519623,5417509,3188762,8444227,46478274,32659415,64187246,,,
2020-08-22,,,1034,662,1566,175926,169216,185328,326290,185499,513890,5352022,3136979,8351788,46804564,32844914,64701136,,,
2020-08-23,,,1028,654,1564,176954,169870,186891,322030,182377,507928,5286581,3085907,8259502,47126594,33027291,65209064,,,
2020-08-24,,,1021,646,1562,177975,170517,188451,318117,179436,502854,5221568,3035555,8168730,47444711,33206727,65711918,,,
2020-08-25,,,1014,638,1556,178989,171155,190006,314226,176643,497279,5157033,2985980,8078638,47758937,33383370,66209197,,,
2020-08-26,,,1007,631,1550,179996,171787,191554,310374,173927,492212,5093035,2937234,7989784,48069311,33557297,66701409,,,
2020-08-27,,,999,623,1543,180995,172411,193095,306577,171204,486566,5029641,2889372,7900963,48375888,33728501,67187975,,,
2020-08-28,,,991,615,1534,181987,173027,194627,302867,168589,481067,4966946,2842382,7813049,48678755,33897090,67669042,,,
2020-08-29,,,983,607,1525,182970,173635,196151,299275,166024,475996,4905070,2796217,7726045,48978030,34063114,68145038,,,
2020-08-30,,,975,599,1514,183945,174234,197663,295776,163586,471482,4844103,2750848,7640431,49273806,34226700,68616520,,,
2020-08-31,,,966,591,1504,184910,174826,199164,292352,161146,466030,4784112,2706342,7555081,49566158,34387846,69082550,,,
2020-09-01,,,957,583,1494,185867,175410,200656,289003,158838,461361,4725160,2662924,7471509,49855161,34546684,69543911,,,
2020-09-02,,,948,575,1483,186815,175985,202136,285728,156268,457191,4667307,2620240,7390486,50140889,34702952,70001102,,,
2020-09-03,,,938,567,1471,187753,176553,203604,282540,153734,452725,4610622,2578391,7311356,50423429,34856686,70453827,,,
2020-09-04,,,929,559,1456,188681,177112,205058,279437,151432,448869,4555169,2537666,7234640,50702866,35008118,70902696,,,
2020-09-05,,,919,551,1443,189600,177664,206498,276415,149283,444660,4501007,2498129,7159657,50979281,35157401,71347356,,,
2020-09-06,,,909,542,1429,190509,178206,207925,273469,147168,441097,4448186,2459793,7086839,51252750,35304569,71788453,,,
2020-09-07,,,899,534,1416,191408,178741,209338,270600,145075,436967,4396756,2422490,7015856,51523350,35449644,72225420,,,
2020-09-08,,,889,526,1403,192298,179267,210737,267808,143033,433581,4346448,2386091,6946564,51791158,35592677,72659001,,,
2020-09-09,,,879,518,1390,193177,179786,212124,265096,140964,430177,4297317,2350413,6879434,52056254,35733641,73089178,,,
2020-09-10,,,869,509,1376,194045,180296,213496,262460,139162,426724,4249403,2315650,6813925,52318714,35872803,73515902,,,
2020-09-11,,,859,501,1363,194904,180798,214855,259901,137186,423488,4202727,2281638,6750834,52578615,36009989,73939390,,,
2020-09-12,,,849,494,1348,195753,181293,216200,257418,135364,420803,4157278,2248424,6690567,52836033,36145353,74360193,,,
2020-09-13,,,838,486,1334,196591,181780,217530,255009,133528,418211,4113012,2215938,6632783,53091042,36278881,74778404,,,
2020-09-14,,,828,479,1321,197419,182259,218847,252676,131814,415075,4069912,2184173,6576394,53343718,36410695,75193479,,,
2020-09-15,,,818,471,1306,198238,182731,220150,250417,130131,412224,4027977,2153167,6522619,53594135,36540826,75605703,,,
2020-09-16,,,808,464,1290,199046,183196,221437,248233,128441,409824,3987207,2122779,6471122,53842368,36669267,76015527,,,
2020-09-17,,,798,456,1277,199844,183652,222710,246123,126743,407418,3947602,2093260,6421402,54088491,36796010,76422945,,,
2020-09-18,,,789,448,1264,200633,184102,223970,244087,125027,405721,3909149,2064556,6374450,54332578,36921037,76828666,,,
2020-09-19,,,779,441,1250,201412,184544,225217,242124,123334,404241,3871836,2036462,6329865,54574702,37044371,77232907,,,
2020-09-20,,,770,434,1236,202181,184979,226450,240234,121889,403127,3835656,2009070,6288367,54814936,37166260,77636034,,,
2020-09-21,,,760,427,1224,202942,185407,227670,238418,120358,402025,3800605,1982263,6249323,55053354,37286618,78038059,,,
2020-09-22,,,751,420,1211,203693,185828,228877,236675,118788,400586,3766680,1955977,6212968,55290029,37405406,78438645,,,
2020-09-23,,,742,414,1198,204434,186242,230072,235004,117183,399374,3733876,1930128,6178784,55525033,37522589,78838019,,,
2020-09-24,,,733,407,1184,205167,186651,231253,233407,115663,398557,3702187,1904822,6147174,55758440,37638252,79236576,,,
2020-09-25,,,724,401,1171,205892,187053,232421,231882,114040,397886,3671608,1879695,6118337,55990322,37752292,79634462,,,
2020-09-26,,,716,395,1160,206608,187449,233577,230430,112522,397000,3642136,1855026,6091844,56220752,37864814,80031462,,,
2020-09-27,,,708,389,1148,207315,187840,234722,229050,110999,396697,3613769,1830656,6067728,56449802,37975813,80428159,,,
2020-09-28,,,699,384,1137,208015,188224,235856,227743,109552,397490,3586503,1806673,6046994,56677545,38085365,80825649,,,
2020-09-29,,,691,378,1126,208706,188603,236978,226506,108095,397866,3560334,1782950,6029773,56904051,38193460,81223515,,,
2020-09-30,,,684,372,1115,209390,188977,238089,225340,106694,398525,3535257,1759510,6016068,57129391,38300154,81622040,,,
2020-10-01,,,676,367,1104,210066,189345,239190,224244,105358,399469,3511267,1736427,6005706,57353635,38405512,82021509,,,
2020-10-02,,,669,361,1094,210734,189707,240281,223213,104071,399592,3488357,1713755,5997885,57576848,38509583,82421101,,,
2020-10-03,,,661,356,1084,211396,190064,241361,222250,102812,400617,3466520,1691538,5992783,57799098,38612395,82821718,,,
2020-10-04,,,654,351,1075,212050,190415,242432,221352,101597,401954,3445748,1669801,5990491,58020450,38713992,83223672,,,
2020-10-05,,,648,346,1065,212698,190762,243494,220518,100440,403436,3426032,1648352,5990799,58240968,38814432,83627108,,,
2020-10-06,,,641,341,1056,213339,191105,244546,219747,99444,404395,3407361,1627441,5993178,58460715,38913876,84031503,,,
2020-10-07,,,635,336,1049,213973,191442,245591,219038,98543,405805,3389724,1607202,5998410,58679753,39012419,84437308,,,
2020-10-08,,,628,332,1039,214602,191775,246626,218387,97482,406826,3373107,1587506,6005876,58898140,39109901,84844134,,,
2020-10-09,,,622,327,1032,215224,192104,247654,217794,96337,408440,3357494,1568181,6015772,59115934,39206238,85252574,,,
2020-10-10,,,616,323,1025,215840,192428,248675,217259,95202,410553,3342872,1549341,6028448,59333193,39301440,85663127,,,
2020-10-11,,,611,318,1017,216451,192747,249687,216779,94198,413055,3329221,1531014,6044513,59549972,39395638,86076182,,,
2020-10-12,,,605,314,1010,217056,193063,250693,216351,93201,415364,3316522,1513210,6063188,59766323,39488839,86491546,,,
2020-10-13,,,600,310,1004,217655,193375,251693,215976,92233,417903,3304755,1495883,6083604,59982299,39581072,86909449,,,
2020-10-14,,,594,306,1000,218250,193683,252688,215652,91136,421187,3293901,1478918,6106921,60197951,39672208,87330636,,,
2020-10-15,,,589,302,993,218839,193986,253677,215376,90236,424533,3283936,1462455,6132917,60413327,39762444,87755169,,,
2020-10-16,,,585,298,989,219424,194286,254662,215147,89300,427736,3274840,1446394,6161165,60628474,39851744,88182905,,,
2020-10-17,,,580,294,985,220004,194582,255642,214965,88422,430847,3266591,1430744,6192401,60843439,39940166,88613752,,,
2020-10-18,,,576,290,982,220580,194874,256620,214827,87566,433698,3259167,1415494,6225463,61058266,40027732,89047450,,,
2020-10-19,,,571,287,980,221151,195163,257595,214731,86724,436882,3252547,1400615,6260367,61272997,40114456,89484332,,,
2020-10-20,,,567,283,976,221718,195448,258566,214677,85748,440226,3246706,1385918,6297136,61487674,40200204,89924558,,,
2020-10-21,,,563,280,973,222282,195730,259534,214664,84789,443965,3241623,1371259,6336690,61702338,40284993,90368523,,,
2020-10-22,,,560,276,970,222841,196008,260500,214688,84007,447222,3237273,1356722,6378097,61917026,40369000,90815745,,,
2020-10-23,,,556,272,969,223397,196282,261463,214751,83155,451114,3233637,1342394,6422379,62131777,40452155,91266859,,,
2020-10-24,,,553,269,967,223950,196553,262425,214849,82325,453853,3230693,1328382,6467794,62346626,40534480,91720712,,,
2020-10-25,,,549,265,967,224499,196820,263387,214981,81493,456509,3228415,1314673,6513749,62561607,40615973,92177221,,,
2020-10-26,,,546,262,968,225045,197083,264350,215144,80666,459479,3226781,1301143,6560167,62776751,40696639,92636700,,,
2020-10-27,,,543,259,969,225589,197344,265314,215339,79958,462616,3225768,1287899,6607414,62992090,40776597,93099316,,,
2020-10-28,,,541,255,971,226130,197602,266279,215563,79174,465932,3225355,1274840,6655441,63207653,40855771,93565248,,,
2020-10-29,,,538,252,973,226668,197856,267246,215816,78413,469690,3225519,1262118,6703936,63423469,40934184,94034938,,,
2020-10-30,,,536,249,972,227203,198107,268212,216095,77584,472548,3226238,1249466,6751940,63639564,41011768,94507486,,,
2020-10-31,,,533,246,974,227737,198355,269181,216398,76984,476411,3227489,1237148,6800603,63855962,41088752,94983897,,,
2020-11-01,,,531,243,978,228268,198600,270152,216725,76245,479045,3229249,1224967,6848786,64072687,41164997,95462942,,,
